Seed = 0

Generation = 1

     x(1)       x(2)       f(1)       CV	
----------------------------------------
   1.85858    1.14533 570042.76978    0.00000 
   3.07416    3.99261 244389.83390    0.00000 
   3.25969    4.87325  420.57009    0.00000 
   0.03783    1.43887  115.31772    0.00000 
   2.05617    4.67472  290.32049    0.00000 
   4.03058    4.69081 158675.76943    0.00000 
   1.91051    2.78774 334010.31532    0.00000 
   2.40719    1.71522 628299.00301    0.00000 
   1.86013    0.79128 596799.95043    0.00000 
   3.40142    4.67187 62595.80857    0.00000 
   4.99842    2.39372 899271.52645    0.00000 
   4.99454    0.43170 1013534.14537    0.00000 
   3.27646    2.88906 564747.41641    0.00000 
   2.81762    2.23922 623966.71224    0.00000 
   1.07972    4.27918  184.39853    0.00000 
   1.64410    0.15324 566035.08905    0.00000 
   3.89705    1.34394 883775.15306    0.00000 
   4.71496    2.40602 837716.66422    0.00000 
   0.20652    4.63854  256.68146    0.00000 
   3.66940    1.95758 784534.70118    0.00000 
   1.66352    0.11341 571442.06040    0.00000 
   1.33087    0.47983 473461.49981    0.00000 
   2.68324    2.18302 610274.22596    0.00000 
   2.12711    2.69460 403314.52973    0.00000 
   4.92076    4.15040 529429.52664    0.00000 
   4.90001    3.87349 596670.77140    0.00000 
   4.95735    2.03834 933764.30419    0.00000 
   3.88181    1.88910 814686.58566    0.00000 
   1.56782    1.88386 410478.38206    0.00000 
   0.64652    0.48902 261987.26924    0.00000 
   3.73538    3.56868 448794.96087    0.00000 
   3.42111    4.00180 288357.36605    0.00000 
   3.96106    1.91074 818109.07338    0.00000 
   1.38423    0.20600 495640.29907    0.00000 
   4.73365    4.34586 435413.11777    0.00000 
   0.38730    3.77367  108.25899    0.00000 
   1.89142    4.04693  138.38572    0.00000 
   3.38812    4.18354 227131.84381    0.00000 
   2.33274    2.79296 426368.52862    0.00000 
   2.18652    2.75311 404046.28232    0.00000 

Generation = 2

   1.33087    0.47983 473461.49981    0.00000 
   2.81762    2.23922 623966.71224    0.00000 
   2.05617    4.67472  290.32049    0.00000 
   0.03783    0.93030 19808.32454    0.00000 
   2.68324    2.90074 469954.21670    0.00000 
   4.03058    4.69081 158675.76943    0.00000 
   3.25969    4.87325  420.57009    0.00000 
   0.20652    4.63854  256.68146    0.00000 
   3.42111    4.30281 192282.52339    0.00000 
   1.32434    3.97792  130.73979    0.00000 
   0.55444    4.34586  195.05890    0.00000 
   4.89976    4.69838 366164.97648    0.00000 
   1.83155    2.38078 395904.66196    0.00000 
   1.03651    4.02440  139.52545    0.00000 
   1.89142    4.04693  138.38572    0.00000 
   2.93183    2.33523 625748.23847    0.00000 
   1.64410    4.39749  210.70229    0.00000 
   2.05617    4.51194  242.69370    0.00000 
   1.66352    0.11341 571442.06040    0.00000 
   4.95735    2.03834 933764.30419    0.00000 
   1.64410    0.15324 566035.08905    0.00000 
   3.42111    4.00180 288357.36605    0.00000 
   1.66478    0.49650 562770.79636    0.00000 
   1.22896    3.95322  127.81022    0.00000 
   3.05325    3.38648 413210.29859    0.00000 
   3.25969    4.67813 42132.09204    0.00000 
   0.03783    1.43887  115.31772    0.00000 
   0.14832    1.40180 19199.19278    0.00000 
   3.02159    4.63274 24296.77032    0.00000 
   1.91051    2.78774 334010.31532    0.00000 
   0.23076    3.77367  107.27398    0.00000 
   1.07972    4.27918  184.39853    0.00000 
   4.92076    4.15040 529429.52664    0.00000 
   3.39091    4.75224 32196.28157    0.00000 
   2.18652    2.75311 404046.28232    0.00000 
   3.38812    4.18354 227131.84381    0.00000 
   0.38730    3.77367  108.25899    0.00000 
   3.39863    4.18354 228431.84796    0.00000 
   1.86013    0.79128 596799.95043    0.00000 
   1.37707    1.93791 350780.28937    0.00000 

Generation = 3

   1.86013    0.79128 596799.95043    0.00000 
   2.27326    4.74802  318.61997    0.00000 
   0.55444    4.34586  195.05890    0.00000 
   0.43436    3.92916  126.08897    0.00000 
   2.02471    3.68758 136601.76598    0.00000 
   3.39863    4.18354 228431.84796    0.00000 
   1.64410    4.39749  210.70229    0.00000 
   0.03783    1.43887  115.31772    0.00000 
   0.03783    0.93030 19808.32454    0.00000 
   0.14832    1.40180 19199.19278    0.00000 
   0.23076    4.43423  208.64715    0.00000 
   1.32434    3.97792  130.73979    0.00000 
   0.28973    1.40180 71203.90918    0.00000 
   1.02042    1.26694 329240.14424    0.00000 
   2.50334    4.67472  301.24716    0.00000 
   1.66478    0.49650 562770.79636    0.00000 
   0.20652    4.63854  256.68146    0.00000 
   3.02159    4.63274 24296.77032    0.00000 
   1.03651    4.02440  139.52545    0.00000 
   2.05617    4.51194  242.69370    0.00000 
   4.28653    4.18354 374103.86164    0.00000 
   1.51113    4.39749  210.44965    0.00000 
   1.64410    4.39749  210.70229    0.00000 
   1.89142    4.04693  138.38572    0.00000 
   1.22896    3.95322  127.81022    0.00000 
   0.55444    4.25683  177.72611    0.00000 
   1.89142    4.04693  138.38572    0.00000 
   0.02295    4.19510  159.12186    0.00000 
   3.21408    4.48988 102262.14625    0.00000 
   0.23076    3.77367  107.27398    0.00000 
   1.32434    3.97792  130.73979    0.00000 
   4.26078    4.67314 225368.90741    0.00000 
   0.32321    4.12994  153.50962    0.00000 
   0.38730    3.75251  106.15516    0.00000 
   0.89770    3.95322  129.68645    0.00000 
   1.68128    3.77701 27802.97851    0.00000 
   1.07972    4.27918  184.39853    0.00000 
   3.42111    4.00180 288357.36605    0.00000 
   1.19410    4.02440  138.75005    0.00000 
   1.34387    4.96086  377.17216    0.00000 

Generation = 4

   0.26726    3.29184   75.15816    0.00000 
   1.68216    4.04312  138.67195    0.00000 
   2.50334    4.67472  301.24716    0.00000 
   0.02196    3.86356  114.10984    0.00000 
   0.43436    3.92916  126.08897    0.00000 
   1.19410    4.02440  138.75005    0.00000 
   0.32321    4.12994  153.50962    0.00000 
   0.65981    3.69461  100.63271    0.00000 
   1.32434    3.97792  130.73979    0.00000 
   1.64410    4.39749  210.70229    0.00000 
   1.89142    4.04693  138.38572    0.00000 
   1.32434    3.95154  126.81710    0.00000 
   1.34387    4.96086  377.17216    0.00000 
   2.27326    4.74802  318.61997    0.00000 
   1.76095    4.46740  228.41388    0.00000 
   1.51113    4.39749  210.44965    0.00000 
   1.32434    3.97792  130.73979    0.00000 
   0.26551    3.30155   75.53892    0.00000 
   0.89770    3.95322  129.68645    0.00000 
   0.38730    3.97933  132.25873    0.00000 
   1.07972    4.27918  184.39853    0.00000 
   0.56325    3.97792  133.07247    0.00000 
   1.89142    4.04693  138.38572    0.00000 
   0.20652    4.63854  256.68146    0.00000 
   0.20652    4.63854  256.68146    0.00000 
   0.23076    3.77367  107.27398    0.00000 
   0.38730    3.75251  106.15516    0.00000 
   0.03783    1.43887  115.31772    0.00000 
   0.11482    3.77367  106.13146    0.00000 
   0.92901    4.06027  145.39464    0.00000 
   1.54937    3.87921  114.39542    0.00000 
   0.89770    3.95322  129.68645    0.00000 
   0.55444    4.25683  177.72611    0.00000 
   0.02295    4.19510  159.12186    0.00000 
   0.93701    4.16588  162.97447    0.00000 
   1.32434    3.97792  130.73979    0.00000 
   0.14294    4.53618  229.75179    0.00000 
   1.38854    3.92916  123.01583    0.00000 
   0.55444    4.34586  195.05890    0.00000 
   0.51106    3.77373  108.60784    0.00000 

Generation = 5

   0.82747    3.57840   89.37496    0.00000 
   0.37084    3.84810  116.09233    0.00000 
   1.68216    4.04312  138.67195    0.00000 
   0.30466    3.81885  112.46895    0.00000 
   0.38730    3.75251  106.15516    0.00000 
   0.56325    3.97792  133.07247    0.00000 
   1.63244    3.96519  126.32598    0.00000 
   1.89142    4.04693  138.38572    0.00000 
   0.43436    3.92916  126.08897    0.00000 
   0.26551    3.30155   75.53892    0.00000 
   1.32434    3.97792  130.73979    0.00000 
   0.66156    3.41690   79.53840    0.00000 
   0.17057    1.63624  104.37634    0.00000 
   0.92901    4.06027  145.39464    0.00000 
   0.02196    3.86356  114.10984    0.00000 
   0.42466    3.89259  121.54841    0.00000 
   1.07972    4.27918  184.39853    0.00000 
   0.65981    3.69461  100.63271    0.00000 
   1.73297    3.92235  118.97141    0.00000 
   0.26250    3.78419  108.57407    0.00000 
   0.26726    3.29184   75.15816    0.00000 
   0.51106    3.77373  108.60784    0.00000 
   0.23076    3.90998  122.08472    0.00000 
   0.98685    3.99775  135.71902    0.00000 
   1.89142    4.04693  138.38572    0.00000 
   0.26517    3.39800   79.87764    0.00000 
   1.32434    3.95154  126.81710    0.00000 
   0.01224    4.16967  154.77729    0.00000 
   0.12493    4.04693  138.42675    0.00000 
   0.26759    3.12443   70.08073    0.00000 
   0.55813    3.25986   72.69740    0.00000 
   1.32434    3.97792  130.73979    0.00000 
   0.23076    3.77367  107.27398    0.00000 
   1.43949    3.96856  128.40978    0.00000 
   0.11482    3.77367  106.13146    0.00000 
   1.38854    3.92916  123.01583    0.00000 
   1.54937    3.87921  114.39542    0.00000 
   1.19410    4.02440  138.75005    0.00000 
   1.32434    3.97792  130.73979    0.00000 
   0.75603    3.79458  110.50995    0.00000 

Generation = 6

   0.02196    3.86356  114.10984    0.00000 
   0.26250    3.78419  108.57407    0.00000 
   0.23522    3.29143   75.12657    0.00000 
   0.38871    3.79097  110.03449    0.00000 
   0.37084    3.84810  116.09233    0.00000 
   0.92901    3.17925   64.70394    0.00000 
   0.38971    3.75515  106.42292    0.00000 
   0.98685    3.99775  135.71902    0.00000 
   1.38854    3.92916  123.01583    0.00000 
   0.96958    3.17135   63.66945    0.00000 
   0.66156    3.41690   79.53840    0.00000 
   1.44604    3.80006  105.07055    0.00000 
   0.01328    3.78419  105.84388    0.00000 
   0.06544    3.33854   76.36721    0.00000 
   0.26759    3.12443   70.08073    0.00000 
   0.42466    3.89259  121.54841    0.00000 
   0.26698    3.75251  105.49604    0.00000 
   0.13044    3.19732   71.86126    0.00000 
   0.11482    3.77367  106.13146    0.00000 
   0.30466    3.81885  112.46895    0.00000 
   0.21995    3.38716   79.24349    0.00000 
   0.42602    3.36654   78.18556    0.00000 
   0.55813    3.25986   72.69740    0.00000 
   1.32434    3.97792  130.73979    0.00000 
   1.89142    4.04693  138.38572    0.00000 
   0.24128    3.29184   75.14758    0.00000 
   0.26517    3.39800   79.87764    0.00000 
   0.39117    3.75963  106.87118    0.00000 
   0.82747    3.57840   89.37496    0.00000 
   0.09758    3.34198   76.70179    0.00000 
   1.68216    4.04312  138.67195    0.00000 
   0.26726    3.29184   75.15816    0.00000 
   1.43949    3.96856  128.40978    0.00000 
   0.26462    3.59985   92.46326    0.00000 
   0.75603    3.79458  110.50995    0.00000 
   1.73297    3.92235  118.97141    0.00000 
   1.32434    3.97792  130.73979    0.00000 
   0.17057    1.63624  104.37634    0.00000 
   0.02747    3.76915  104.60480    0.00000 
   0.10333    3.94461  124.68052    0.00000 

Generation = 7

   0.94772    3.60214   90.17609    0.00000 
   0.39117    3.75963  106.87118    0.00000 
   0.96958    3.17135   63.66945    0.00000 
   0.02747    3.76915  104.60480    0.00000 
   0.27558    3.33517   76.94206    0.00000 
   0.26726    3.29184   75.15816    0.00000 
   0.26726    3.47976   84.38621    0.00000 
   0.42602    3.36654   78.18556    0.00000 
   0.26462    3.59985   92.46326    0.00000 
   0.16900    3.12628   70.20547    0.00000 
   0.26517    3.39800   79.87764    0.00000 
   0.20393    3.29184   75.09907    0.00000 
   0.23535    3.65512   96.63439    0.00000 
   0.28910    3.09839   69.46863    0.00000 
   0.06544    3.33854   76.36721    0.00000 
   0.38624    3.18559   71.24655    0.00000 
   0.13044    3.19732   71.86126    0.00000 
   0.13244    3.13466   70.34079    0.00000 
   0.92901    3.17925   64.70394    0.00000 
   0.26487    3.29184   75.15798    0.00000 
   0.21995    3.38716   79.24349    0.00000 
   0.24128    3.39342   79.60265    0.00000 
   0.02747    3.76915  104.60480    0.00000 
   0.10602    3.57086   89.33021    0.00000 
   0.27862    3.36961   78.50787    0.00000 
   0.16110    3.15617   70.86923    0.00000 
   0.17176    3.62659   93.92460    0.00000 
   0.59680    3.17925   69.44276    0.00000 
   0.26250    3.42709   81.38476    0.00000 
   0.23522    3.29143   75.12657    0.00000 
   0.24128    3.29184   75.14758    0.00000 
   0.02196    3.86356  114.10984    0.00000 
   0.14897    3.20068   71.99849    0.00000 
   0.26698    3.75251  105.49604    0.00000 
   0.55813    3.25986   72.69740    0.00000 
   0.66156    3.41690   79.53840    0.00000 
   0.23503    3.28851   75.01524    0.00000 
   0.26759    3.12443   70.08073    0.00000 
   0.11482    3.77367  106.13146    0.00000 
   0.09758    3.34198   76.70179    0.00000 

Generation = 8

   0.24128    3.29184   75.14758    0.00000 
   0.02747    3.76915  104.60480    0.00000 
   0.78672    3.17925   67.03218    0.00000 
   0.16900    3.12628   70.20547    0.00000 
   0.55813    2.95037   64.99879    0.00000 
   0.16900    3.31890   76.06810    0.00000 
   0.96958    3.17135   63.66945    0.00000 
   0.80114    3.27794   70.79605    0.00000 
   0.21995    3.38716   79.24349    0.00000 
   0.18863    3.51120   85.98951    0.00000 
   0.14526    2.95747   67.92258    0.00000 
   0.13244    3.13466   70.34079    0.00000 
   0.04236    3.15617   70.52011    0.00000 
   0.59680    3.17925   69.44276    0.00000 
   0.24307    3.13675   70.40540    0.00000 
   0.17784    3.20068   72.04859    0.00000 
   0.38624    3.18559   71.24655    0.00000 
   0.92901    3.17925   64.70394    0.00000 
   0.11482    3.77367  106.13146    0.00000 
   0.28910    3.09839   69.46863    0.00000 
   0.26726    3.47976   84.38621    0.00000 
   0.26726    3.29184   75.15816    0.00000 
   0.27862    3.36961   78.50787    0.00000 
   0.94772    3.60214   90.17609    0.00000 
   0.16110    3.15617   70.86923    0.00000 
   0.13044    3.19732   71.86126    0.00000 
   0.78338    3.07200   63.87119    0.00000 
   0.05952    3.12628   69.96632    0.00000 
   0.04816    3.12527   69.90185    0.00000 
   0.06544    3.33854   76.36721    0.00000 
   0.55813    3.25986   72.69740    0.00000 
   0.27960    3.29143   75.14048    0.00000 
   0.37243    2.78960   66.48471    0.00000 
   0.25231    3.19729   71.96825    0.00000 
   0.20393    3.29184   75.09907    0.00000 
   0.23522    3.29143   75.12657    0.00000 
   0.26759    3.13381   70.29359    0.00000 
   0.16862    3.19732   71.94111    0.00000 
   0.83753    3.27722   70.25458    0.00000 
   0.08920    3.26473   73.75643    0.00000 

Generation = 9

   0.54980    2.87993   64.51749    0.00000 
   0.55813    2.93506   64.83634    0.00000 
   0.16900    3.12628   70.20547    0.00000 
   0.92901    3.17716   64.62582    0.00000 
   0.11386    2.92005   67.76769    0.00000 
   0.16862    3.19732   71.94111    0.00000 
   0.14526    2.95747   67.92258    0.00000 
   0.30308    3.17925   71.36870    0.00000 
   0.55813    3.25986   72.69740    0.00000 
   0.20393    3.29184   75.09907    0.00000 
   0.83753    3.27722   70.25458    0.00000 
   0.55813    2.95037   64.99879    0.00000 
   0.25231    3.19729   71.96825    0.00000 
   0.91153    3.10577   62.54548    0.00000 
   0.80114    3.27794   70.79605    0.00000 
   0.05952    3.12628   69.96632    0.00000 
   0.06622    3.22963   72.53774    0.00000 
   0.44964    3.09003   68.39756    0.00000 
   0.09783    3.15617   70.73452    0.00000 
   0.94422    3.17354   64.21791    0.00000 
   0.13044    3.19732   71.86126    0.00000 
   0.23522    3.29143   75.12657    0.00000 
   0.28910    3.17563   71.30198    0.00000 
   0.28910    2.71645   67.68607    0.00000 
   0.66146    3.02107   64.64754    0.00000 
   0.74432    3.19915   68.34835    0.00000 
   0.18311    3.19914   72.01143    0.00000 
   0.04236    3.15617   70.52011    0.00000 
   0.26759    3.13381   70.29359    0.00000 
   0.96958    3.17135   63.66945    0.00000 
   0.00319    3.45046   81.09208    0.00000 
   0.18721    3.02476   68.50539    0.00000 
   0.83653    3.07766   63.11181    0.00000 
   0.92901    3.17925   64.70394    0.00000 
   0.36883    2.67697   67.31319    0.00000 
   0.55813    3.25986   72.69740    0.00000 
   0.27960    3.29143   75.14048    0.00000 
   0.78338    3.07200   63.87119    0.00000 
   0.37243    2.78960   66.48471    0.00000 
   0.41521    3.13675   69.74032    0.00000 

Generation = 10

   0.37243    2.78960   66.48471    0.00000 
   0.09149    2.93506   67.81899    0.00000 
   0.18311    3.19914   72.01143    0.00000 
   0.55813    3.25986   72.69740    0.00000 
   0.92901    3.17925   64.70394    0.00000 
   0.34958    3.17746   71.16884    0.00000 
   0.05952    3.12628   69.96632    0.00000 
   0.94422    3.17354   64.21791    0.00000 
   0.94422    3.09071   61.47568    0.00000 
   0.55813    2.93506   64.83634    0.00000 
   0.30308    3.17925   71.36870    0.00000 
   0.78338    3.07200   63.87119    0.00000 
   0.97344    3.17333   63.67153    0.00000 
   0.37243    2.78960   66.48471    0.00000 
   0.11386    2.92005   67.76769    0.00000 
   0.43072    3.19045   71.15575    0.00000 
   0.68217    3.17716   68.39447    0.00000 
   0.54980    2.87993   64.51749    0.00000 
   0.00083    3.15617   70.30047    0.00000 
   0.86837    3.16987   65.40930    0.00000 
   0.65303    3.00858   64.54360    0.00000 
   0.41521    3.13675   69.74032    0.00000 
   0.91153    3.09236   62.15067    0.00000 
   0.83653    3.08441   63.29128    0.00000 
   0.55813    2.95037   64.99879    0.00000 
   0.80114    3.27794   70.79605    0.00000 
   0.66990    3.10577   66.42885    0.00000 
   0.84947    3.17925   66.05657    0.00000 
   0.83753    3.27722   70.25458    0.00000 
   0.28910    3.17563   71.30198    0.00000 
   0.96958    3.17135   63.66945    0.00000 
   0.74105    2.85462   61.27448    0.00000 
   0.83653    2.95358   60.52753    0.00000 
   0.14526    2.95747   67.92258    0.00000 
   0.91153    3.10577   62.54548    0.00000 
   0.14905    2.99044   68.17320    0.00000 
   0.44964    3.09003   68.39756    0.00000 
   0.92901    3.17716   64.62582    0.00000 
   0.66146    3.02107   64.64754    0.00000 
   0.40130    2.78960   66.19208    0.00000 

Generation = 11

   0.55813    2.93506   64.83634    0.00000 
   0.91153    3.10577   62.54548    0.00000 
   0.66990    3.20215   69.40416    0.00000 
   0.88487    3.07200   62.08714    0.00000 
   0.66146    3.02107   64.64754    0.00000 
   0.78014    3.13042   65.53547    0.00000 
   0.94422    3.17354   64.21791    0.00000 
   0.02389    2.74766   68.42060    0.00000 
   0.67492    2.87993   62.62194    0.00000 
   0.10469    2.76700   68.18103    0.00000 
   0.43072    3.19045   71.15575    0.00000 
   0.83653    2.95358   60.52753    0.00000 
   0.37243    2.78960   66.48471    0.00000 
   1.00361    3.14682 4922.02823    0.00000 
   0.91153    3.09236   62.15067    0.00000 
   0.16958    2.78960   67.84453    0.00000 
   0.90175    3.17925   65.18152    0.00000 
   0.44964    3.09003   68.39756    0.00000 
   0.72242    3.11272   65.88693    0.00000 
   0.54980    2.87993   64.51749    0.00000 
   0.65303    3.00858   64.54360    0.00000 
   0.55813    2.95037   64.99879    0.00000 
   0.97344    3.17333   63.67153    0.00000 
   0.14526    2.95747   67.92258    0.00000 
   0.96958    3.17135   63.66945    0.00000 
   0.86837    3.16987   65.40930    0.00000 
   0.08085    2.96881   67.98487    0.00000 
   0.74105    2.85462   61.27448    0.00000 
   0.94422    3.09071   61.47568    0.00000 
   0.92901    3.17925   64.70394    0.00000 
   0.31655    4.35616  193.92819    0.00000 
   0.09915    2.87993   67.71684    0.00000 
   0.84947    3.17925   66.05657    0.00000 
   0.83753    3.27722   70.25458    0.00000 
   0.91153    3.03022 3990.00856    0.00000 
   0.54997    2.95358   65.13801    0.00000 
   0.37243    2.78960   66.48471    0.00000 
   0.83653    3.08441   63.29128    0.00000 
   0.83653    3.08441   63.29128    0.00000 
   0.94422    3.09358   61.55968    0.00000 

Generation = 12

   0.55813    2.95037   64.99879    0.00000 
   0.84961    3.06774   62.62211    0.00000 
   0.55813    2.93506   64.83634    0.00000 
   0.80133    3.02965   62.58398    0.00000 
   0.78014    3.13042   65.53547    0.00000 
   0.83753    3.27722   70.25458    0.00000 
   0.84947    3.17925   66.05657    0.00000 
   0.67492    2.87993   62.62194    0.00000 
   0.98751    3.13728 2269.00805    0.00000 
   0.08085    2.96881   67.98487    0.00000 
   0.94422    3.09358   61.55968    0.00000 
   0.74105    2.85462   61.27448    0.00000 
   0.65303    3.00858   64.54360    0.00000 
   0.94422    3.09071   61.47568    0.00000 
   0.84947    2.93890 5290.23858    0.00000 
   0.76498    2.87993   61.01367    0.00000 
   0.83653    3.08441   63.29128    0.00000 
   0.43072    3.19045   71.15575    0.00000 
   0.72242    3.11272   65.88693    0.00000 
   0.88039    3.17354   65.33839    0.00000 
   0.37243    2.78960   66.48471    0.00000 
   0.83653    3.06055   62.67519    0.00000 
   0.72435    2.85462   61.58394    0.00000 
   0.66146    3.02107   64.64754    0.00000 
   0.88487    3.07200   62.08714    0.00000 
   0.59025    3.10413   67.37066    0.00000 
   0.97344    3.17333   63.67153    0.00000 
   0.56241    3.10834   67.78151    0.00000 
   0.16958    2.78960   67.84453    0.00000 
   0.83653    2.95358   60.52753    0.00000 
   0.91153    3.09236   62.15067    0.00000 
   0.54997    2.95358   65.13801    0.00000 
   0.10469    2.76700   68.18103    0.00000 
   0.94422    3.16486   63.89938    0.00000 
   0.67492    2.87993   62.62194    0.00000 
   0.90203    3.09071   62.28178    0.00000 
   0.94422    3.17354   64.21791    0.00000 
   0.87105    3.25214   68.62799    0.00000 
   0.14526    2.95747   67.92258    0.00000 
   0.91885    3.16987   64.53872    0.00000 

Generation = 13

   0.08085    2.96881   67.98487    0.00000 
   0.85380    3.09287   63.21984    0.00000 
   0.88039    3.17354   65.33839    0.00000 
   0.83798    3.03176   61.97343    0.00000 
   1.12448    3.89036  119.90284    0.00000 
   0.87105    3.25214   68.62799    0.00000 
   0.93317    3.55702   86.56318    0.00000 
   0.67492    2.87993   62.62194    0.00000 
   0.88487    3.07200   62.08714    0.00000 
   0.56241    3.10834   67.78151    0.00000 
   0.72435    2.85462   61.58394    0.00000 
   0.55420    2.96744   65.25130    0.00000 
   0.94422    3.09358   61.55968    0.00000 
   0.83653    3.08441   63.29128    0.00000 
   0.90577    3.09236   62.25890    0.00000 
   0.78016    3.00858   62.52398    0.00000 
   0.94422    3.09071   61.47568    0.00000 
   0.91153    3.09236   62.15067    0.00000 
   0.65303    3.00858   64.54360    0.00000 
   0.85537    3.06774   62.51821    0.00000 
   0.74105    2.85462   61.27448    0.00000 
   0.94422    3.16486   63.89938    0.00000 
   0.83653    3.06055   62.67519    0.00000 
   0.18673    3.30465   75.55389    0.00000 
   0.84961    3.06774   62.62211    0.00000 
   0.76202    2.95358   61.91576    0.00000 
   0.90203    3.09071   62.28178    0.00000 
   0.71974    3.00116   63.39745    0.00000 
   0.82812    3.11268   64.23075    0.00000 
   0.67492    2.87993   62.62194    0.00000 
   0.80133    3.02965   62.58398    0.00000 
   0.65482    3.02337   64.78509    0.00000 
   0.83653    2.95358   60.52753    0.00000 
   0.67492    2.87993   62.62194    0.00000 
   0.83653    3.06055   62.67519    0.00000 
   0.16958    2.78960   67.84453    0.00000 
   0.72435    2.85462   61.58394    0.00000 
   0.76498    2.87993   61.01367    0.00000 
   0.67492    2.88247   62.64089    0.00000 
   0.97344    3.17333   63.67153    0.00000 

Generation = 14

   0.85380    3.09287   63.21984    0.00000 
   0.94520    3.06875 5498.23475    0.00000 
   0.55420    2.96744   65.25130    0.00000 
   0.76768    2.85229   60.75141    0.00000 
   0.90203    3.09071   62.28178    0.00000 
   0.82812    3.11268   64.23075    0.00000 
   0.80133    2.99534   61.89864    0.00000 
   0.74154    2.85462   61.26520    0.00000 
   0.91153    3.08922   62.06070    0.00000 
   0.94422    3.09071   61.47568    0.00000 
   0.74105    2.85462   61.27448    0.00000 
   0.70452    2.85462   61.94276    0.00000 
   0.65892    3.06774   65.64594    0.00000 
   0.83653    3.08441   63.29128    0.00000 
   0.85537    3.06774   62.51821    0.00000 
   0.88039    3.17354   65.33839    0.00000 
   0.71974    3.00116   63.39745    0.00000 
   0.82506    2.87993 10670.64880    0.00000 
   0.83798    3.03176   61.97343    0.00000 
   0.83653    2.97882   60.94653    0.00000 
   0.61170    2.85943   63.51395    0.00000 
   0.70813    3.01169   63.77259    0.00000 
   0.94422    3.09358   61.55968    0.00000 
   0.83653    3.06055   62.67519    0.00000 
   0.82812    3.11268   64.23075    0.00000 
   0.83653    2.95358   60.52753    0.00000 
   0.83653    3.06055   62.67519    0.00000 
   0.80133    3.02965   62.58398    0.00000 
   0.82527    3.03712   62.32346    0.00000 
   0.65482    3.02337   64.78509    0.00000 
   0.67492    2.87993   62.62194    0.00000 
   0.67492    2.87993   62.62194    0.00000 
   0.72435    2.85462   61.58394    0.00000 
   0.91153    3.09236   62.15067    0.00000 
   0.84961    3.06774   62.62211    0.00000 
   0.72435    2.77996   61.32836    0.00000 
   0.76498    2.87993   61.01367    0.00000 
   0.94422    3.09358   61.55968    0.00000 
   0.67492    2.88247   62.64089    0.00000 
   0.90577    3.09236   62.25890    0.00000 

Generation = 15

   0.82812    3.11268   64.23075    0.00000 
   0.88581    3.06022   61.76315    0.00000 
   0.65482    3.02337   64.78509    0.00000 
   0.85510    3.03130   61.64662    0.00000 
   0.80133    2.99534   61.89864    0.00000 
   0.70452    2.85462   61.94276    0.00000 
   0.83992    3.03012   61.90148    0.00000 
   0.48584    3.21717   71.66908    0.00000 
   0.83653    2.95358   60.52753    0.00000 
   0.94422    3.09358   61.55968    0.00000 
   0.91153    3.08922   62.06070    0.00000 
   0.67492    2.87993   62.62194    0.00000 
   0.84961    3.06774   62.62211    0.00000 
   0.65982    3.09236   66.21945    0.00000 
   0.92077    3.09236   61.97561    0.00000 
   0.69969    2.77996   61.79902    0.00000 
   0.85380    2.99579   60.92980    0.00000 
   0.67492    2.88247   62.64089    0.00000 
   0.74154    2.85462   61.26520    0.00000 
   0.72318    2.85462   61.60541    0.00000 
   0.94067    3.09358   61.62868    0.00000 
   0.72435    2.79253   61.34346    0.00000 
   0.90203    3.09071   62.28178    0.00000 
   0.76768    2.85229   60.75141    0.00000 
   0.57287    2.86208   64.10513    0.00000 
   0.72435    2.77996   61.32836    0.00000 
   0.91153    3.18702   65.30353    0.00000 
   0.94422    3.09071   61.47568    0.00000 
   0.83653    3.00276   61.39306    0.00000 
   0.91153    3.09236   62.15067    0.00000 
   0.80133    2.99534   61.89864    0.00000 
   0.80403    2.99892   61.91666    0.00000 
   0.83653    2.97882   60.94653    0.00000 
   0.72435    2.85462   61.58394    0.00000 
   0.74105    2.85462   61.27448    0.00000 
   0.85537    3.06774   62.51821    0.00000 
   0.83653    2.98229   61.00815    0.00000 
   0.76498    2.87993   61.01367    0.00000 
   0.83653    3.08441   63.29128    0.00000 
   0.70813    3.01169   63.77259    0.00000 

Generation = 16

   0.80133    2.69680 42306.19099    0.00000 
   0.83653    2.95196   60.50246    0.00000 
   0.74154    2.85462   61.26520    0.00000 
   0.91153    3.08922   62.06070    0.00000 
   0.70452    2.85462   61.94276    0.00000 
   0.76153    3.08467   64.54501    0.00000 
   0.83653    2.95358   60.52753    0.00000 
   0.92077    3.09236   61.97561    0.00000 
   0.94067    3.09358   61.62868    0.00000 
   0.85510    3.03130   61.64662    0.00000 
   0.74056    3.12852   66.07515    0.00000 
   0.77725    2.87993   60.77957    0.00000 
   0.83653    2.98229   61.00815    0.00000 
   0.80133    2.99534   61.89864    0.00000 
   0.94422    3.09358   61.55968    0.00000 
   0.94422    3.09071   61.47568    0.00000 
   0.72435    2.85462   61.58394    0.00000 
   0.69969    2.77996   61.79902    0.00000 
   0.75575    3.00048   62.79067    0.00000 
   0.76498    2.87993   61.01367    0.00000 
   0.72435    2.79253   61.34346    0.00000 
   0.85537    3.06774   62.51821    0.00000 
   0.83653    2.97882   60.94653    0.00000 
   0.94067    3.07305 3070.55238    0.00000 
   0.84961    3.06774   62.62211    0.00000 
   0.83653    3.08441   63.29128    0.00000 
   0.83992    3.03012   61.90148    0.00000 
   0.76768    2.85229   60.75141    0.00000 
   0.88581    3.06022   61.76315    0.00000 
   0.80133    2.99534   61.89864    0.00000 
   0.69969    2.79413   61.81194    0.00000 
   0.94564    3.09358   61.53208    0.00000 
   0.72435    2.77996   61.32836    0.00000 
   0.48584    3.21717   71.66908    0.00000 
   1.19713    3.97727  131.56013    0.00000 
   0.74105    2.85462   61.27448    0.00000 
   0.25253    2.76525   67.57336    0.00000 
   0.90203    3.09071   62.28178    0.00000 
   0.83653    3.00276   61.39306    0.00000 
   0.73517    2.96600   62.56559    0.00000 

Generation = 17

   0.76498    2.87993   61.01367    0.00000 
   0.72435    2.79253   61.34346    0.00000 
   0.70452    2.78999   61.71646    0.00000 
   0.80133    2.99534   61.89864    0.00000 
   0.69969    2.79413   61.81194    0.00000 
   0.90203    3.09071   62.28178    0.00000 
   0.84748    3.04917   62.20107    0.00000 
   0.94422    3.09358   61.55968    0.00000 
   0.83653    2.95358   60.52753    0.00000 
   0.57111    2.85462   64.09833    0.00000 
   0.83653    2.95196   60.50246    0.00000 
   0.80133    2.99534   61.89864    0.00000 
   1.19713    3.97727  131.56013    0.00000 
   0.88581    3.06022   61.76315    0.00000 
   0.74105    2.85462   61.27448    0.00000 
   0.77956    2.90882   61.02339    0.00000 
   0.03300    3.09071   69.22445    0.00000 
   0.77725    2.87993   60.77957    0.00000 
   0.85537    3.06774   62.51821    0.00000 
   0.83653    2.98229   61.00815    0.00000 
   0.76768    2.85229   60.75141    0.00000 
   0.94564    3.09358   61.53208    0.00000 
   0.83653    2.95196   60.50246    0.00000 
   0.83992    3.03012   61.90148    0.00000 
   0.83653    3.00276   61.39306    0.00000 
   0.92149    3.00940 11953.49557    0.00000 
   0.94422    3.09071   61.47568    0.00000 
   0.83653    3.00276   61.39306    0.00000 
   0.72435    2.77996   61.32836    0.00000 
   0.77725    2.87993   60.77957    0.00000 
   0.83096    2.97882   61.05240    0.00000 
   0.83653    2.95358   60.52753    0.00000 
   0.74154    2.85462   61.26520    0.00000 
   0.80251    2.93066   60.85354    0.00000 
   0.72435    2.84029   61.50347    0.00000 
   0.85510    3.03130   61.64662    0.00000 
   0.94422    3.09071   61.47568    0.00000 
   0.83653    2.97882   60.94653    0.00000 
   0.84254    3.07692   62.98617    0.00000 
   0.53799    2.87993   64.67504    0.00000 

Generation = 18

   0.77725    2.87993   60.77957    0.00000 
   0.76768    2.85229   60.75141    0.00000 
   0.80133    2.99534   61.89864    0.00000 
   0.72435    2.84029   61.50347    0.00000 
   0.74154    2.85462   61.26520    0.00000 
   0.80251    2.93066   60.85354    0.00000 
   0.83653    2.98229   61.00815    0.00000 
   0.83653    3.00276   61.39306    0.00000 
   0.94656    2.94526 34481.70089    0.00000 
   0.74105    2.85462   61.27448    0.00000 
   0.85510    3.03130   61.64662    0.00000 
   0.14385    2.76810   68.07394    0.00000 
   0.73904    3.00276   63.11160    0.00000 
   0.73841    2.85364   61.31756    0.00000 
   0.83653    2.95358   60.52753    0.00000 
   0.83653    2.95196   60.50246    0.00000 
   0.70452    2.74021 1603.73521    0.00000 
   0.77725    2.87993   60.77957    0.00000 
   0.83653    2.95294   60.51769    0.00000 
   0.83653    2.95358   60.52753    0.00000 
   0.55117    2.13196 64025.25205    0.00000 
   0.94422    3.09358   61.55968    0.00000 
   0.72435    2.79253   61.34346    0.00000 
   0.76498    2.87993   61.01367    0.00000 
   0.68061    2.91764   62.86144    0.00000 
   0.94422    3.09071   61.47568    0.00000 
   0.48789    3.06496   67.54901    0.00000 
   0.83653    2.97882   60.94653    0.00000 
   0.83653    2.99879   61.31568    0.00000 
   0.83653    2.95196   60.50246    0.00000 
   1.19713    3.97727  131.56013    0.00000 
   0.72435    2.77996   61.32836    0.00000 
   0.83653    3.48719   82.38161    0.00000 
   0.77725    2.87993   60.77957    0.00000 
   0.88581    3.06022   61.76315    0.00000 
   0.94422    3.09071   61.47568    0.00000 
   0.83653    3.00276   61.39306    0.00000 
   0.84748    3.04917   62.20107    0.00000 
   0.83096    2.97882   61.05240    0.00000 
   0.76498    2.88324   61.04269    0.00000 

Generation = 19

   0.83653    2.84686 21630.75370    0.00000 
   0.83653    2.95358   60.52753    0.00000 
   0.74154    2.85462   61.26520    0.00000 
   0.44481    2.71473   66.06973    0.00000 
   0.76768    2.85229   60.75141    0.00000 
   0.77725    2.87993   60.77957    0.00000 
   0.84748    3.04917   62.20107    0.00000 
   0.83653    2.97882   60.94653    0.00000 
   0.94656    2.94526 34481.70089    0.00000 
   0.80251    2.95861   61.25359    0.00000 
   0.76498    2.88324   61.04269    0.00000 
   0.83653    2.95358   60.52753    0.00000 
   0.83653    3.00276   61.39306    0.00000 
   0.94422    3.09071   61.47568    0.00000 
   1.25481    3.97727  131.15785    0.00000 
   0.81351    2.91503   60.44377    0.00000 
   0.53336    2.28651 31650.47630    0.00000 
   0.83653    2.98229   61.00815    0.00000 
   0.83096    2.97882   61.05240    0.00000 
   0.77725    2.87993   60.77957    0.00000 
   0.80251    2.91091   60.60874    0.00000 
   0.83653    2.95196   60.50246    0.00000 
   0.83653    3.00276   61.39306    0.00000 
   0.83096    2.97882   61.05240    0.00000 
   0.73904    3.00276   63.11160    0.00000 
   0.83653    2.95196   60.50246    0.00000 
   0.60701    2.95154   64.35826    0.00000 
   0.83653    2.95358   60.52753    0.00000 
   0.88581    3.06022   61.76315    0.00000 
   0.76498    2.87993   61.01367    0.00000 
   0.83653    3.00276   61.39306    0.00000 
   0.84708    3.11668   64.02752    0.00000 
   0.83653    2.95294   60.51769    0.00000 
   0.83653    2.99879   61.31568    0.00000 
   0.80133    2.99534   61.89864    0.00000 
   0.80251    2.93066   60.85354    0.00000 
   0.73841    2.85364   61.31756    0.00000 
   0.80792    2.95358   61.07533    0.00000 
   0.72435    2.79253   61.34346    0.00000 
   0.72435    2.77996   61.32836    0.00000 

Generation = 20

   0.78011    2.94588   61.47944    0.00000 
   0.71440    2.78788   61.52721    0.00000 
   0.83653    2.89698 10560.77278    0.00000 
   0.81351    2.91503   60.44377    0.00000 
   0.80251    2.95861   61.25359    0.00000 
   0.83653    3.00276   61.39306    0.00000 
   0.80251    2.93066   60.85354    0.00000 
   0.83653    2.95358   60.52753    0.00000 
   0.77725    2.87993   60.77957    0.00000 
   0.66224    2.75392   62.51064    0.00000 
   0.80792    2.95358   61.07533    0.00000 
   0.83653    2.95294   60.51769    0.00000 
   0.84649    2.85422 23204.62099    0.00000 
   0.83653    2.95196   60.50246    0.00000 
   0.83653    2.98229   61.00815    0.00000 
   0.84708    3.08542   63.13340    0.00000 
   0.83653    2.95196   60.50246    0.00000 
   0.80727    2.97882   61.49527    0.00000 
   0.90698    3.06597   61.50961    0.00000 
   0.84748    3.04917   62.20107    0.00000 
   0.67877    2.58288 25282.16809    0.00000 
   0.83653    2.95556   60.55849    0.00000 
   0.69647    3.01562   64.02609    0.00000 
   0.76498    2.88324   61.04269    0.00000 
   0.43361    2.95294   66.40198    0.00000 
   0.80251    2.91091   60.60874    0.00000 
   0.83653    2.95196   60.50246    0.00000 
   0.77725    2.87993   60.77957    0.00000 
   0.72435    2.79253   61.34346    0.00000 
   0.83653    2.95358   60.52753    0.00000 
   0.76498    2.87993   61.01367    0.00000 
   0.76641    2.89732   61.14912    0.00000 
   0.83653    2.95358   60.52753    0.00000 
   0.83511    3.15416   65.41748    0.00000 
   0.77725    2.87993   60.77957    0.00000 
   0.83653    2.99879   61.31568    0.00000 
   0.73904    3.00276   63.11160    0.00000 
   0.73841    2.85364   61.31756    0.00000 
   0.76768    2.85229   60.75141    0.00000 
   0.94422    3.09071   61.47568    0.00000 

Generation = 21

   0.77725    2.87993   60.77957    0.00000 
   0.94422    3.09071   61.47568    0.00000 
   0.84748    3.04917   62.20107    0.00000 
   0.71440    2.78788   61.52721    0.00000 
   0.80251    2.93066   60.85354    0.00000 
   0.77725    2.87993   60.77957    0.00000 
   0.83905    2.95556   60.50946    0.00000 
   0.84145    2.95552   60.46195    0.00000 
   0.80727    2.97882   61.49527    0.00000 
   0.88312    2.99879 2312.96396    0.00000 
   0.73418    2.96236   62.52833    0.00000 
   0.80251    2.91091   60.60874    0.00000 
   0.83653    2.95196   60.50246    0.00000 
   0.80251    2.99559   61.88189    0.00000 
   0.90698    3.06597   61.50961    0.00000 
   0.67783    2.81549   62.25199    0.00000 
   0.81351    2.91503   60.44377    0.00000 
   0.83653    2.89698 10560.77278    0.00000 
   0.79282    2.91503   60.84323    0.00000 
   0.83653    2.95196   60.50246    0.00000 
   0.83653    2.95556   60.55849    0.00000 
   0.73841    2.85364   61.31756    0.00000 
   0.76498    2.87993   61.01367    0.00000 
   0.77875    2.87993   60.75079    0.00000 
   0.76641    2.89732   61.14912    0.00000 
   0.83653    2.95358   60.52753    0.00000 
   0.77725    2.87993   60.77957    0.00000 
   0.86076    3.06416   62.32841    0.00000 
   0.81582    3.03029   62.34149    0.00000 
   0.68649    2.94984   63.14243    0.00000 
   0.76768    2.85229   60.75141    0.00000 
   0.77725    2.86952   60.69183    0.00000 
   0.71440    2.78788   61.52721    0.00000 
   0.80792    2.95358   61.07533    0.00000 
   0.76545    2.91227   61.32530    0.00000 
   0.83653    3.00276   61.39306    0.00000 
   0.83653    2.95294   60.51769    0.00000 
   0.80102    2.93066   60.88201    0.00000 
   0.83653    2.95358   60.52753    0.00000 
   0.83653    2.95358   60.52753    0.00000 

Generation = 22

   0.83653    2.95196   60.50246    0.00000 
   0.76190    2.91227   61.39061    0.00000 
   0.94422    3.09071   61.47568    0.00000 
   0.77725    2.86952   60.69183    0.00000 
   0.95995    3.00451 25093.27429    0.00000 
   0.49648    3.00276   66.38951    0.00000 
   0.83653    2.95358   60.52753    0.00000 
   0.83653    2.95196   60.50246    0.00000 
   0.82503    2.95358   60.74986    0.00000 
   0.80251    2.93066   60.85354    0.00000 
   0.76343    2.94808   61.81256    0.00000 
   0.80727    2.97882   61.49527    0.00000 
   0.77725    2.87993   60.77957    0.00000 
   0.33387    2.95196   67.18319    0.00000 
   0.83653    2.95358   60.52753    0.00000 
   0.81397    2.93066   60.63369    0.00000 
   0.77875    2.87993   60.75079    0.00000 
   0.77725    2.87993   60.77957    0.00000 
   0.77725    2.89612   60.93261    0.00000 
   0.80792    2.95358   61.07533    0.00000 
   0.73841    2.85364   61.31756    0.00000 
   0.83905    2.95556   60.50946    0.00000 
   0.83653    2.95556   60.55849    0.00000 
   0.71440    2.78788   61.52721    0.00000 
   0.80251    2.91091   60.60874    0.00000 
   0.79282    2.91503   60.84323    0.00000 
   0.83653    2.95358   60.52753    0.00000 
   0.80102    2.93066   60.88201    0.00000 
   0.76545    2.91227   61.32530    0.00000 
   0.76498    2.87993   61.01367    0.00000 
   0.41400    2.95556   66.60447    0.00000 
   0.76768    2.85229   60.75141    0.00000 
   0.77875    2.87993   60.75079    0.00000 
   0.84145    2.95552   60.46195    0.00000 
   0.81351    2.91503   60.44377    0.00000 
   0.83653    2.95358   60.52753    0.00000 
   0.80102    2.93066   60.88201    0.00000 
   0.83653    2.95294   60.51769    0.00000 
   0.83622    3.04917   62.40496    0.00000 
   0.90410    2.95246 19542.13017    0.00000 

Generation = 23

   0.80102    2.93066   60.88201    0.00000 
   0.83691    2.95370   60.52205    0.00000 
   0.83653    2.95556   60.55849    0.00000 
   0.82503    2.95358   60.74986    0.00000 
   0.83653    2.95196   60.50246    0.00000 
   0.84145    2.95552   60.46195    0.00000 
   0.80792    2.95358   61.07533    0.00000 
   0.77725    2.87993   60.77957    0.00000 
   0.83653    2.95358   60.52753    0.00000 
   0.80518    3.04811   62.92838    0.00000 
   0.76343    2.94808   61.81256    0.00000 
   0.77725    2.87993   60.77957    0.00000 
   0.77875    2.87993   60.75079    0.00000 
   0.83622    3.04917   62.40496    0.00000 
   0.51388    2.95358   65.57140    0.00000 
   0.71440    2.78788   61.52721    0.00000 
   0.82073    2.91979  389.43216    0.00000 
   0.83905    2.95556   60.50946    0.00000 
   0.83229    2.98181   61.08004    0.00000 
   0.83653    2.95294   60.51769    0.00000 
   0.76768    2.85229   60.75141    0.00000 
   0.76498    2.87993   61.01367    0.00000 
   0.83653    2.95358   60.52753    0.00000 
   0.80102    2.93066   60.88201    0.00000 
   0.77875    2.87993   60.75079    0.00000 
   0.83653    2.94420   60.38531    0.00000 
   0.79328    3.21165   68.12758    0.00000 
   0.80251    2.93066   60.85354    0.00000 
   0.76447    2.91139   61.33350    0.00000 
   0.83653    2.95196   60.50246    0.00000 
   0.76545    2.91227   61.32530    0.00000 
   0.49648    3.00276   66.38951    0.00000 
   1.00666    2.95246 51450.05760    0.00000 
   0.81351    2.91503   60.44377    0.00000 
   0.83653    2.95358   60.52753    0.00000 
   0.81397    2.93066   60.63369    0.00000 
   0.83686    2.80043 31822.11657    0.00000 
   0.80814    2.97311   61.38232    0.00000 
   0.33387    2.95196   67.18319    0.00000 
   0.30316    2.83098   66.97590    0.00000 

Generation = 24

   0.84145    2.95552   60.46195    0.00000 
   0.83691    2.95370   60.52205    0.00000 
   0.76498    2.87993   61.01367    0.00000 
   0.51388    2.95358   65.57140    0.00000 
   0.85230    2.92993 8218.96008    0.00000 
   0.83740    2.91227 7422.90469    0.00000 
   0.81563    2.93168   60.61531    0.00000 
   0.76768    2.85229   60.75141    0.00000 
   0.80251    2.93066   60.85354    0.00000 
   0.81351    2.91503   60.44377    0.00000 
   0.81351    2.91503   60.44377    0.00000 
   0.49648    3.00276   66.38951    0.00000 
   0.83653    2.95294   60.51769    0.00000 
   0.77875    2.87993   60.75079    0.00000 
   0.83653    2.86497 17653.71618    0.00000 
   0.77875    2.87993   60.75079    0.00000 
   0.83653    2.95556   60.55849    0.00000 
   0.83802    2.93006 3623.56199    0.00000 
   0.83653    2.94420   60.38531    0.00000 
   0.83653    2.95358   60.52753    0.00000 
   0.81402    2.91503   60.43390    0.00000 
   0.76545    2.91227   61.32530    0.00000 
   0.77725    2.87993   60.77957    0.00000 
   0.81397    2.93066   60.63369    0.00000 
   0.83653    2.95358   60.52753    0.00000 
   0.80244    2.93066   60.85488    0.00000 
   0.83653    2.95196   60.50246    0.00000 
   0.83229    2.98181   61.08004    0.00000 
   0.80518    3.04811   62.92838    0.00000 
   0.79328    3.21165   68.12758    0.00000 
   0.76932    3.08733   64.49061    0.00000 
   0.82366    2.94838   60.69741    0.00000 
   0.83653    2.95358   60.52753    0.00000 
   0.76343    2.89268   61.15935    0.00000 
   0.83653    2.95358   60.52753    0.00000 
   0.71440    2.78788   61.52721    0.00000 
   0.83653    2.95358   60.52753    0.00000 
   0.83653    2.95196   60.50246    0.00000 
   0.82503    2.95358   60.74986    0.00000 
   0.73480    2.98320   62.84300    0.00000 

Generation = 25

   0.56686    3.54633   88.61049    0.00000 
   0.80518    3.04811   62.92838    0.00000 
   0.77875    2.87993   60.75079    0.00000 
   0.83691    2.95370   60.52205    0.00000 
   0.83653    2.95358   60.52753    0.00000 
   0.80783    2.91503   60.55436    0.00000 
   0.76932    3.08733   64.49061    0.00000 
   0.49648    3.00276   66.38951    0.00000 
   0.83229    2.98181   61.08004    0.00000 
   0.87408    3.78579  108.94849    0.00000 
   0.81402    2.91503   60.43390    0.00000 
   0.76343    2.89268   61.15935    0.00000 
   0.83653    2.94420   60.38531    0.00000 
   0.83653    2.95556   60.55849    0.00000 
   0.77725    2.91592   61.14751    0.00000 
   0.83653    2.95358   60.52753    0.00000 
   0.83653    2.95196   60.50246    0.00000 
   1.03564    3.16649 9955.48096    0.00000 
   0.82366    2.94838   60.69741    0.00000 
   0.81351    2.91837   60.48462    0.00000 
   0.83653    2.94504   60.39779    0.00000 
   0.81397    2.93066   60.63369    0.00000 
   0.82503    2.95358   60.74986    0.00000 
   0.76498    2.87993   61.01367    0.00000 
   0.69947    2.97983   63.36510    0.00000 
   0.73480    2.98320   62.84300    0.00000 
   0.81351    2.91503   60.44377    0.00000 
   0.51388    2.95358   65.57140    0.00000 
   0.78631    2.93168   61.17250    0.00000 
   0.79329    3.00533   62.23082    0.00000 
   0.81351    2.91503   60.44377    0.00000 
   0.76545    2.91227   61.32530    0.00000 
   0.83653    2.95294   60.51769    0.00000 
   0.84145    2.95552   60.46195    0.00000 
   0.77725    2.87993   60.77957    0.00000 
   0.80251    2.93066   60.85354    0.00000 
   0.77439    2.93066   61.38045    0.00000 
   0.83653    2.95196   60.50246    0.00000 
   0.83653    2.94420   60.38531    0.00000 
   0.81563    2.93168   60.61531    0.00000 

Generation = 26

   0.78676    3.14751   65.96596    0.00000 
   0.80783    2.91503   60.55436    0.00000 
   0.70737    2.92818   62.53263    0.00000 
   0.76932    3.08733   64.49061    0.00000 
   0.83653    2.94503   60.39759    0.00000 
   0.63906    2.83236   62.96579    0.00000 
   0.81351    2.91503   60.44377    0.00000 
   0.83653    2.95196   60.50246    0.00000 
   0.83653    2.95358   60.52753    0.00000 
   0.81402    2.91503   60.43390    0.00000 
   0.77875    2.87993   60.75079    0.00000 
   0.81563    2.93168   60.61531    0.00000 
   0.80518    3.04811   62.92838    0.00000 
   0.75731    2.91837   61.54380    0.00000 
   0.82366    2.94838   60.69741    0.00000 
   0.83653    2.94420   60.38531    0.00000 
   0.83653    2.95358   60.52753    0.00000 
   0.83653    2.95353   60.52679    0.00000 
   0.76545    2.91227   61.32530    0.00000 
   0.81351    2.91503   60.44377    0.00000 
   0.83653    2.94421   60.38551    0.00000 
   0.83653    2.94420   60.38531    0.00000 
   0.81351    2.91503   60.44377    0.00000 
   0.83653    2.94420   60.38531    0.00000 
   0.49648    3.00276   66.38951    0.00000 
   0.83653    2.95294   60.51769    0.00000 
   0.83229    2.98181   61.08004    0.00000 
   0.42855    2.90872   66.09967    0.00000 
   0.83691    2.91195 7337.77694    0.00000 
   0.78204    3.06808   63.79631    0.00000 
   0.56686    3.54633   88.61049    0.00000 
   0.83691    2.95370   60.52205    0.00000 
   0.83691    2.95370   60.52205    0.00000 
   0.81397    2.93066   60.63369    0.00000 
   0.78631    2.93168   61.17250    0.00000 
   0.83653    2.94504   60.39779    0.00000 
   0.83653    2.95196   60.50246    0.00000 
   0.83653    2.95556   60.55849    0.00000 
   0.81351    2.91837   60.48462    0.00000 
   0.82118    3.00533   61.72787    0.00000 

Generation = 27

   0.83653    2.94420   60.38531    0.00000 
   0.83653    2.94504   60.39779    0.00000 
   0.63906    2.83236   62.96579    0.00000 
   0.87743    3.38454   75.29781    0.00000 
   0.83653    2.95196   60.50246    0.00000 
   0.83653    2.94420   60.38531    0.00000 
   0.81351    3.02231   62.21215    0.00000 
   0.83653    2.95358   60.52753    0.00000 
   0.82118    3.00533   61.72787    0.00000 
   0.66652    2.93168   63.23988    0.00000 
   0.81563    2.93168   60.61531    0.00000 
   0.78676    3.14751   65.96596    0.00000 
   0.81351    2.91503   60.44377    0.00000 
   0.82366    2.94838   60.69741    0.00000 
   0.50837    2.93762   65.47236    0.00000 
   0.83653    2.95294   60.51769    0.00000 
   0.81402    2.91503   60.43390    0.00000 
   0.83691    2.95370   60.52205    0.00000 
   0.83653    2.94420   60.38531    0.00000 
   0.83653    2.95358   60.52753    0.00000 
   0.80518    3.04811   62.92838    0.00000 
   0.81402    2.91503   60.43390    0.00000 
   0.77875    2.87993   60.75079    0.00000 
   0.83653    2.95196   60.50246    0.00000 
   0.81351    2.91436   60.43564    0.00000 
   0.32126    2.95370   67.27722    0.00000 
   0.83653    2.94420   60.38531    0.00000 
   0.82366    2.94494   60.64648    0.00000 
   0.83691    2.95370   60.52205    0.00000 
   0.83653    2.95294   60.51769    0.00000 
   0.81351    2.91503   60.44377    0.00000 
   0.83653    2.94421   60.38551    0.00000 
   0.83653    2.95196   60.50246    0.00000 
   0.67549    2.95196   63.34472    0.00000 
   0.83229    2.98181   61.08004    0.00000 
   0.81351    2.91503   60.44377    0.00000 
   0.83653    2.94503   60.39759    0.00000 
   0.83653    2.95358   60.52753    0.00000 
   0.81351    2.91837   60.48462    0.00000 
   0.81397    2.93066   60.63369    0.00000 

Generation = 28

   0.83653    2.94420   60.38531    0.00000 
   0.83653    2.94487   60.39521    0.00000 
   0.81402    2.83253 17534.28852    0.00000 
   0.81351    2.91837   60.48462    0.00000 
   0.83653    2.95196   60.50246    0.00000 
   0.83653    2.94420   60.38531    0.00000 
   0.83653    2.94420   60.38531    0.00000 
   0.83653    2.95196   60.50246    0.00000 
   0.83653    2.95294   60.51769    0.00000 
   0.83653    2.94504   60.39779    0.00000 
   0.83653    2.94420   60.38531    0.00000 
   0.82366    2.94494   60.64648    0.00000 
   0.80518    3.04811   62.92838    0.00000 
   0.83653    2.95358   60.52753    0.00000 
   0.83653    2.95130   60.49238    0.00000 
   0.81402    2.91503   60.43390    0.00000 
   0.83653    2.98951   61.13996    0.00000 
   0.83653    2.94421   60.38551    0.00000 
   0.81351    2.91503   60.44377    0.00000 
   0.83691    2.95370   60.52205    0.00000 
   0.81351    2.91436   60.43564    0.00000 
   0.83653    2.94420   60.38531    0.00000 
   0.83653    2.95358   60.52753    0.00000 
   0.81402    2.91503   60.43390    0.00000 
   0.83653    2.95294   60.51769    0.00000 
   0.77875    2.87993   60.75079    0.00000 
   0.83691    2.95370   60.52205    0.00000 
   0.72598    3.05636   64.41440    0.00000 
   0.83653    2.76324 39674.24681    0.00000 
   0.81351    2.91503   60.44377    0.00000 
   0.83760    2.98241   60.98990    0.00000 
   0.68717    2.94421   63.05948    0.00000 
   0.91156    2.69012 78820.88809    0.00000 
   0.82366    2.94838   60.69741    0.00000 
   0.83229    2.98181   61.08004    0.00000 
   0.83653    2.95196   60.50246    0.00000 
   0.83653    2.94503   60.39759    0.00000 
   0.81351    2.91503   60.44377    0.00000 
   0.81351    2.91503   60.44377    0.00000 
   0.81397    2.93066   60.63369    0.00000 

Generation = 29

   0.83229    2.98181   61.08004    0.00000 
   0.83653    2.94487   60.39521    0.00000 
   0.71650    2.91503   62.23047    0.00000 
   0.83653    3.03891   62.16082    0.00000 
   0.81351    2.91503   60.44377    0.00000 
   0.83691    2.95370   60.52205    0.00000 
   0.81351    2.91503   60.44377    0.00000 
   0.83653    2.94504   60.39779    0.00000 
   0.83653    2.94503   60.39759    0.00000 
   0.81351    2.91436   60.43564    0.00000 
   0.83653    2.94421   60.38551    0.00000 
   0.83691    3.12420   64.42826    0.00000 
   0.83653    2.95196   60.50246    0.00000 
   0.82366    2.94838   60.69741    0.00000 
   0.81402    2.91503   60.43390    0.00000 
   0.81402    2.91503   60.43390    0.00000 
   0.83653    2.94503   60.39759    0.00000 
   0.80518    3.04811   62.92838    0.00000 
   0.83653    2.95206   60.50398    0.00000 
   0.83653    2.95196   60.50246    0.00000 
   0.83653    2.94420   60.38531    0.00000 
   0.68717    2.94421   63.05948    0.00000 
   0.83653    2.95130   60.49238    0.00000 
   0.72598    3.05636   64.41440    0.00000 
   0.84063    2.98241   60.93199    0.00000 
   0.77788    2.90753   61.04083    0.00000 
   0.83653    2.94420   60.38531    0.00000 
   0.83653    2.95358   60.52753    0.00000 
   0.81048    2.91837   60.54365    0.00000 
   0.83653    2.94503   60.39759    0.00000 
   0.81351    2.91503   60.44377    0.00000 
   0.83653    2.94420   60.38531    0.00000 
   0.83760    2.98241   60.98990    0.00000 
   0.81402    2.91503   60.43390    0.00000 
   0.83653    2.95358   60.52753    0.00000 
   0.83653    2.94420   60.38531    0.00000 
   0.81351    2.91837   60.48462    0.00000 
   0.83653    2.94420   60.38531    0.00000 
   0.83653    2.95196   60.50246    0.00000 
   0.71076    2.94420   62.67193    0.00000 

Generation = 30

   0.83653    2.94420   60.38531    0.00000 
   0.81351    2.91503   60.44377    0.00000 
   0.88918    2.98349 7751.66243    0.00000 
   0.83653    2.94504   60.39779    0.00000 
   0.83653    2.94421   60.38551    0.00000 
   0.83653    2.69933 53100.89964    0.00000 
   0.83653    3.03891   62.16082    0.00000 
   0.71650    2.91503   62.23047    0.00000 
   0.83229    2.98181   61.08004    0.00000 
   0.83653    2.95196   60.50246    0.00000 
   0.83653    2.94503   60.39759    0.00000 
   0.83653    2.94420   60.38531    0.00000 
   0.81402    2.91503   60.43390    0.00000 
   0.81351    2.91837   60.48462    0.00000 
   0.83691    2.95370   60.52205    0.00000 
   0.81351    2.91436   60.43564    0.00000 
   0.84063    2.98241   60.93199    0.00000 
   0.83653    2.95196   60.50246    0.00000 
   0.83653    2.98371   61.03369    0.00000 
   0.81760    2.94666   60.78830    0.00000 
   0.83653    2.94503   60.39759    0.00000 
   0.83653    2.73595 45445.45727    0.00000 
   0.81351    2.91503   60.44377    0.00000 
   0.83653    2.94420   60.38531    0.00000 
   0.81048    2.91837   60.54365    0.00000 
   0.71076    2.94420   62.67193    0.00000 
   0.83653    2.94420   60.38531    0.00000 
   0.53490    2.76429   64.57947    0.00000 
   0.77566    3.11919   65.27115    0.00000 
   0.83653    2.94503   60.39759    0.00000 
   0.73235    2.94483   62.31384    0.00000 
   0.81351    2.91503   60.44377    0.00000 
   0.75373    2.94420   61.93185    0.00000 
   0.84063    2.98241   60.93199    0.00000 
   0.83691    3.12420   64.42826    0.00000 
   0.81402    2.91503   60.43390    0.00000 
   0.64057    2.94420   63.78417    0.00000 
   0.83653    2.94420   60.38531    0.00000 
   0.83653    2.95358   60.52753    0.00000 
   0.66138    2.94967   63.53500    0.00000 

Generation = 31

   0.81402    2.91503   60.43390    0.00000 
   0.81351    2.91503   60.44377    0.00000 
   0.83653    3.35004   73.90173    0.00000 
   0.81025    3.13704   65.26478    0.00000 
   0.83691    2.95370   60.52205    0.00000 
   0.83691    3.12420   64.42826    0.00000 
   0.83645    2.94503   60.39912    0.00000 
   0.83653    2.94420   60.38531    0.00000 
   0.81760    2.94666   60.78830    0.00000 
   0.81351    2.91503   60.44377    0.00000 
   0.84063    2.98241   60.93199    0.00000 
   0.77566    3.11919   65.27115    0.00000 
   0.73235    2.94483   62.31384    0.00000 
   0.83653    2.94420   60.38531    0.00000 
   0.81514    2.90943  912.82101    0.00000 
   0.81353    2.92900   60.62019    0.00000 
   0.83653    3.03891   62.16082    0.00000 
   0.83140    2.92071 3605.27477    0.00000 
   0.83653    2.94504   60.39779    0.00000 
   0.83653    2.94420   60.38531    0.00000 
   0.84063    2.98241   60.93199    0.00000 
   0.87740    2.69932 66128.60259    0.00000 
   0.83991    2.94420 1035.85797    0.00000 
   1.51521    3.03159 179496.62120    0.00000 
   0.83653    2.94503   60.39759    0.00000 
   0.79798    2.95249   61.24524    0.00000 
   1.04806    3.47998   79.16189    0.00000 
   0.83691    3.22050   67.82501    0.00000 
   0.83653    2.94420   60.38531    0.00000 
   0.75373    2.94420   61.93185    0.00000 
   0.83653    2.95196   60.50246    0.00000 
   0.81048    2.91837   60.54365    0.00000 
   0.83653    2.94420   60.38531    0.00000 
   0.83653    2.94503   60.39759    0.00000 
   0.81351    2.91503   60.44377    0.00000 
   0.80133    2.91666   60.69947    0.00000 
   0.83653    2.98371   61.03369    0.00000 
   0.43214    2.91503   66.10510    0.00000 
   0.83347    2.93441 1186.32519    0.00000 
   0.81351    2.91436   60.43564    0.00000 

Generation = 32

   0.81799    3.03891   62.49365    0.00000 
   0.83645    2.94503   60.39912    0.00000 
   0.83645    2.94503   60.39912    0.00000 
   0.83653    2.94420   60.38531    0.00000 
   0.79774    2.88413  938.75228    0.00000 
   0.83653    2.98371   61.03369    0.00000 
   0.77026    3.04764   63.50935    0.00000 
   0.73235    2.94483   62.31384    0.00000 
   0.83630    2.94145  503.16596    0.00000 
   0.83653    2.94420   60.38531    0.00000 
   0.83653    2.94420   60.38531    0.00000 
   0.83653    3.03891   62.16082    0.00000 
   0.83653    2.94420   60.38531    0.00000 
   0.81402    2.91503   60.43390    0.00000 
   0.83653    2.85948 18862.70471    0.00000 
   0.83691    2.95370   60.52205    0.00000 
   0.83653    2.94420   60.38531    0.00000 
   0.81048    2.91837   60.54365    0.00000 
   0.83653    2.94503   60.39759    0.00000 
   0.83653    2.94420   60.38531    0.00000 
   0.83653    2.94420   60.38531    0.00000 
   0.81351    2.91503   60.44377    0.00000 
   0.90634    3.04059   60.88251    0.00000 
   0.81351    2.91503   60.44377    0.00000 
   0.79798    2.95249   61.24524    0.00000 
   0.83653    2.94503   60.39759    0.00000 
   0.83991    2.94420 1035.85797    0.00000 
   0.81351    2.91436   60.43564    0.00000 
   0.81351    2.91503   60.44377    0.00000 
   0.83653    2.95196   60.50246    0.00000 
   0.81025    3.13704   65.26478    0.00000 
   0.84063    2.98241   60.93199    0.00000 
   0.81353    2.92900   60.62019    0.00000 
   0.81048    2.91837   60.54365    0.00000 
   0.83596    2.91873 5513.46998    0.00000 
   0.79798    2.95249   61.24524    0.00000 
   0.63528    2.94420   63.86304    0.00000 
   0.81712    3.14967   65.55982    0.00000 
   0.83645    2.94503   60.39912    0.00000 
   0.76078    3.18533   67.62348    0.00000 

Generation = 33

   0.81402    2.91503   60.43390    0.00000 
   0.81353    2.92900   60.62019    0.00000 
   0.81351    2.91503   60.44377    0.00000 
   0.83653    2.94420   60.38531    0.00000 
   0.79798    2.95249   61.24524    0.00000 
   0.83653    2.94420   60.38531    0.00000 
   0.83653    2.94503   60.39759    0.00000 
   0.83653    2.98371   61.03369    0.00000 
   0.83653    2.94420   60.38531    0.00000 
   0.77026    3.04764   63.50935    0.00000 
   0.83653    2.94420   60.38531    0.00000 
   0.83645    2.94503   60.39912    0.00000 
   0.81048    2.91837   60.54365    0.00000 
   0.83653    2.94420   60.38531    0.00000 
   0.81351    2.91503   60.44377    0.00000 
   0.83653    2.94503   60.39759    0.00000 
   0.83421    2.91106 6674.44189    0.00000 
   0.83653    2.94420   60.38531    0.00000 
   0.83653    2.94420   60.38531    0.00000 
   0.83691    2.95370   60.52205    0.00000 
   1.01136    2.94430 54741.76421    0.00000 
   0.66065    2.94155   63.44643    0.00000 
   0.81351    2.91436   60.43564    0.00000 
   0.83653    2.94420   60.38531    0.00000 
   0.77660    2.94021   61.46547    0.00000 
   0.83645    2.94503   60.39912    0.00000 
   0.83653    3.16166   65.64791    0.00000 
   0.73235    2.94483   62.31384    0.00000 
   0.83645    3.21985   67.80625    0.00000 
   0.84063    2.98241   60.93199    0.00000 
   0.83630    2.94145  503.16596    0.00000 
   0.83653    2.94420   60.38531    0.00000 
   0.83653    3.01945   61.73347    0.00000 
   0.32769    2.82873   66.79364    0.00000 
   0.83653    2.94428   60.38648    0.00000 
   0.83645    2.94503   60.39912    0.00000 
   0.83653    2.95196   60.50246    0.00000 
   0.79798    2.95249   61.24524    0.00000 
   0.81351    2.91503   60.44377    0.00000 
   0.81048    2.91837   60.54365    0.00000 

Generation = 34

   0.81351    2.97812   61.36758    0.00000 
   0.77660    2.94021   61.46547    0.00000 
   0.70474    2.89485   62.23588    0.00000 
   0.83653    2.94428   60.38648    0.00000 
   0.81353    2.92900   60.62019    0.00000 
   0.81048    3.04138   62.68200    0.00000 
   0.83653    2.94420   60.38531    0.00000 
   0.83653    3.01945   61.73347    0.00000 
   0.83653    3.03021   61.96552    0.00000 
   0.83292    2.96455   60.77252    0.00000 
   0.83653    2.94420   60.38531    0.00000 
   0.81048    2.91837   60.54365    0.00000 
   0.83653    2.94420   60.38531    0.00000 
   0.83653    2.95196   60.50246    0.00000 
   0.81351    2.91436   60.43564    0.00000 
   0.73067    2.94420   62.33443    0.00000 
   0.81351    2.91503   60.44377    0.00000 
   0.91853    2.94496 25782.08732    0.00000 
   0.67099    2.98739   63.92628    0.00000 
   0.83653    2.94420   60.38531    0.00000 
   0.83653    2.84137 22833.77111    0.00000 
   0.83653    2.94420   60.38531    0.00000 
   0.83645    2.94503   60.39912    0.00000 
   0.70899    2.94420   62.70148    0.00000 
   0.83653    2.94503   60.39759    0.00000 
   0.68260    2.72780   62.19985    0.00000 
   0.83653    2.94420   60.38531    0.00000 
   0.83691    2.95370   60.52205    0.00000 
   0.83653    2.94503   60.39759    0.00000 
   0.81402    2.91503   60.43390    0.00000 
   0.83653    2.94420   60.38531    0.00000 
   0.73235    2.94483   62.31384    0.00000 
   0.83992    3.42206   78.03826    0.00000 
   0.83653    2.98371   61.03369    0.00000 
   0.81048    2.91837   60.54365    0.00000 
   0.81297    2.98241   61.45244    0.00000 
   0.83653    2.94420   60.38531    0.00000 
   0.61188    2.94503   64.21273    0.00000 
   0.83653    2.94420   60.38531    0.00000 
   0.83652    3.19103   66.69474    0.00000 

Generation = 35

   0.83292    2.96455   60.77252    0.00000 
   0.83653    2.94420   60.38531    0.00000 
   0.80161    2.90971   60.61231    0.00000 
   0.83562    2.94428   60.40425    0.00000 
   0.83645    2.94503   60.39912    0.00000 
   0.70560    2.94980   62.83086    0.00000 
   0.81351    2.91503   60.44377    0.00000 
   0.83653    2.94420   60.38531    0.00000 
   0.71744    2.92944   62.37641    0.00000 
   0.73687    3.03021   63.67833    0.00000 
   0.83653    2.94420   60.38531    0.00000 
   0.21266    2.95370   67.76921    0.00000 
   0.83653    3.01945   61.73347    0.00000 
   0.83653    2.94420   60.38531    0.00000 
   0.83992    3.42206   78.03826    0.00000 
   0.83653    2.94420   60.38531    0.00000 
   0.89243    2.94420 17733.30685    0.00000 
   0.81048    2.91837   60.54365    0.00000 
   0.83653    2.94420   60.38531    0.00000 
   0.83653    2.94524   60.40075    0.00000 
   0.68260    2.72780   62.19985    0.00000 
   0.77660    2.94021   61.46547    0.00000 
   0.83653    3.04352   62.26692    0.00000 
   0.83653    2.94420   60.38531    0.00000 
   0.81351    2.97812   61.36758    0.00000 
   0.81353    2.92900   60.62019    0.00000 
   0.83653    2.94503   60.39759    0.00000 
   0.83653    2.94500   60.39721    0.00000 
   0.83653    2.94420   60.38531    0.00000 
   0.83645    2.77569 36995.18226    0.00000 
   0.81717    2.92900   60.54964    0.00000 
   0.68260    2.72780   62.19985    0.00000 
   0.83653    2.94420   60.38531    0.00000 
   0.81351    2.91436   60.43564    0.00000 
   0.83653    2.94420   60.38531    0.00000 
   0.83653    2.94420   60.38531    0.00000 
   0.83653    2.94503   60.39759    0.00000 
   0.70899    2.94420   62.70148    0.00000 
   0.61188    2.94503   64.21273    0.00000 
   0.83033    2.86363 15962.94084    0.00000 

Generation = 36

   0.81048    2.91837   60.54365    0.00000 
   0.83653    2.94420   60.38531    0.00000 
   0.80161    2.91288   60.64919    0.00000 
   0.83653    2.94420   60.38531    0.00000 
   0.83653    2.94420   60.38531    0.00000 
   0.83653    3.01945   61.73347    0.00000 
   0.83653    2.94420   60.38531    0.00000 
   0.81353    2.92900   60.62019    0.00000 
   0.83653    2.94420   60.38531    0.00000 
   0.81351    2.97812   61.36758    0.00000 
   0.83653    3.02636   61.88136    0.00000 
   0.81351    2.91436   60.43564    0.00000 
   0.68260    2.72780   62.19985    0.00000 
   0.83653    2.94420   60.38531    0.00000 
   0.83653    2.94420   60.38531    0.00000 
   0.83653    3.01945   61.73347    0.00000 
   0.83653    2.94420   60.38531    0.00000 
   0.83562    2.94428   60.40425    0.00000 
   0.83653    2.94420   60.38531    0.00000 
   0.81353    2.92900   60.62019    0.00000 
   0.83653    2.94500   60.39721    0.00000 
   0.83653    2.94420   60.38531    0.00000 
   0.71744    2.92944   62.37641    0.00000 
   0.83653    2.94420   60.38531    0.00000 
   0.83653    2.94420   60.38531    0.00000 
   0.81717    2.92900   60.54964    0.00000 
   0.63187    2.76395   63.03149    0.00000 
   0.73115    2.92193   62.05188    0.00000 
   0.83653    2.94420   60.38531    0.00000 
   0.83653    2.94525   60.40088    0.00000 
   0.81351    2.91503   60.44377    0.00000 
   0.83653    2.94503   60.39759    0.00000 
   0.79810    2.94420   61.12239    0.00000 
   0.70899    2.94420   62.70148    0.00000 
   0.83645    2.94503   60.39912    0.00000 
   0.87768    3.12892   63.87379    0.00000 
   0.83653    2.94503   60.39759    0.00000 
   0.83653    2.94420   60.38531    0.00000 
   0.47553    2.92181   65.70503    0.00000 
   0.83562    2.94502   60.41526    0.00000 

Generation = 37

   0.83653    2.94420   60.38531    0.00000 
   0.83653    2.94503   60.39759    0.00000 
   0.83653    2.94420   60.38531    0.00000 
   0.83645    2.94503   60.39912    0.00000 
   0.83653    2.94420   60.38531    0.00000 
   0.83653    2.94420   60.38531    0.00000 
   0.83653    2.94420   60.38531    0.00000 
   0.80717    2.94038   60.89718    0.00000 
   0.83653    2.94420   60.38531    0.00000 
   0.77455    3.01945   62.83518    0.00000 
   0.83653    2.94420   60.38531    0.00000 
   0.83562    2.94502   60.41526    0.00000 
   0.83653    2.94420   60.38531    0.00000 
   0.81353    2.92900   60.62019    0.00000 
   0.83636    3.06248   62.72607    0.00000 
   0.81048    2.91837   60.54365    0.00000 
   0.83653    2.94420   60.38531    0.00000 
   0.81503    2.94803   60.85766    0.00000 
   0.83653    2.94500   60.39721    0.00000 
   0.83653    2.94420   60.38531    0.00000 
   0.81351    2.91436   60.43564    0.00000 
   0.47553    2.92181   65.70503    0.00000 
   0.83653    2.94420   60.38531    0.00000 
   0.83653    2.94420   60.38531    0.00000 
   0.83653    2.94420   60.38531    0.00000 
   0.83653    2.94420   60.38531    0.00000 
   0.69121    2.81378   62.00773    0.00000 
   0.83653    2.94420   60.38531    0.00000 
   0.83653    3.02636   61.88136    0.00000 
   0.83653    2.94500   60.39721    0.00000 
   0.71744    2.92944   62.37641    0.00000 
   0.62154    2.94503   64.07410    0.00000 
   0.81351    2.97812   61.36758    0.00000 
   0.83653    2.94420   60.38531    0.00000 
   0.80161    2.91288   60.64919    0.00000 
   0.58824    2.92900   64.37231    0.00000 
   0.81351    2.91503   60.44377    0.00000 
   0.83653    2.94420   60.38531    0.00000 
   0.81717    2.92900   60.54964    0.00000 
   0.83653    2.94420   60.38531    0.00000 

Generation = 38

   0.83653    2.94420   60.38531    0.00000 
   0.83653    2.94420   60.38531    0.00000 
   0.81351    2.91503   60.44377    0.00000 
   0.83653    2.94420   60.38531    0.00000 
   0.92231    3.04619 3645.16934    0.00000 
   0.81351    3.38340   76.04624    0.00000 
   0.83653    2.94420   60.38531    0.00000 
   0.69121    2.81378   62.00773    0.00000 
   0.58824    2.92900   64.37231    0.00000 
   0.83653    2.94420   60.38531    0.00000 
   0.83653    2.94420   60.38531    0.00000 
   0.80161    2.91288   60.64919    0.00000 
   0.83653    2.94500   60.39721    0.00000 
   0.83653    2.94420   60.38531    0.00000 
   0.83653    2.94420   60.38531    0.00000 
   0.83653    2.94420   60.38531    0.00000 
   0.83653    2.94420   60.38531    0.00000 
   0.83653    2.94420   60.38531    0.00000 
   0.81353    2.92900   60.62019    0.00000 
   0.83653    2.94420   60.38531    0.00000 
   0.83653    2.94420   60.38531    0.00000 
   0.83358    2.89929 9101.57085    0.00000 
   0.83653    2.94420   60.38531    0.00000 
   0.83653    2.94420   60.38531    0.00000 
   0.83636    3.06248   62.72607    0.00000 
   0.83653    2.94420   60.38531    0.00000 
   0.75199    2.94420   61.96263    0.00000 
   0.83653    2.94420   60.38531    0.00000 
   0.83653    2.94420   60.38531    0.00000 
   0.83653    2.94420   60.38531    0.00000 
   0.83653    2.94420   60.38531    0.00000 
   0.61352    2.90845   63.81921    0.00000 
   0.83653    2.94503   60.39759    0.00000 
   0.83653    2.94420   60.38531    0.00000 
   0.83653    2.94420   60.38531    0.00000 
   0.91876    2.83390 50540.03475    0.00000 
   0.81503    2.94803   60.85766    0.00000 
   0.72884    2.93880   62.29585    0.00000 
   0.83653    3.02636   61.88136    0.00000 
   0.62154    2.94503   64.07410    0.00000 

Generation = 39

   0.83653    2.94420   60.38531    0.00000 
   0.83653    2.94500   60.39721    0.00000 
   0.55383    2.94420   64.98612    0.00000 
   0.83653    3.02636   61.88136    0.00000 
   0.83653    2.94420   60.38531    0.00000 
   0.83653    2.94420   60.38531    0.00000 
   0.83636    3.06248   62.72607    0.00000 
   0.83653    2.94420   60.38531    0.00000 
   0.83653    3.42840   78.47514    0.00000 
   0.48855    2.94420   65.75942    0.00000 
   0.83653    2.94420   60.38531    0.00000 
   0.83653    2.94420   60.38531    0.00000 
   0.83653    2.94420   60.38531    0.00000 
   0.83653    2.94420   60.38531    0.00000 
   0.83653    2.94420   60.38531    0.00000 
   0.69121    2.81378   62.00773    0.00000 
   0.83653    2.94420   60.38531    0.00000 
   0.83653    2.94420   60.38531    0.00000 
   0.81503    2.94803   60.85766    0.00000 
   0.83653    2.94420   60.38531    0.00000 
   0.83653    2.94420   60.38531    0.00000 
   0.83653    2.94420   60.38531    0.00000 
   0.83653    2.94420   60.38531    0.00000 
   0.83653    2.94420   60.38531    0.00000 
   0.83653    2.94420   60.38531    0.00000 
   0.61352    2.90845   63.81921    0.00000 
   0.83653    2.94420   60.38531    0.00000 
   0.83653    2.94420   60.38531    0.00000 
   0.83653    2.94420   60.38531    0.00000 
   0.83653    2.94420   60.38531    0.00000 
   0.83653    2.94420   60.38531    0.00000 
   0.82933    2.94420   60.52590    0.00000 
   0.80161    2.91288   60.64919    0.00000 
   0.75199    2.94420   61.96263    0.00000 
   0.83653    3.01551   61.65095    0.00000 
   0.83653    2.94420   60.38531    0.00000 
   0.83653    2.94420   60.38531    0.00000 
   0.41893    2.37098   72.38267    0.00000 
   0.51057    2.94432   65.51269    0.00000 
   0.83653    2.94420   60.38531    0.00000 

Generation = 40

   0.83653    2.94420   60.38531    0.00000 
   0.83653    2.94420   60.38531    0.00000 
   0.83653    2.94420   60.38531    0.00000 
   0.83653    2.94420   60.38531    0.00000 
   0.82933    2.94420   60.52590    0.00000 
   0.83653    2.94420   60.38531    0.00000 
   0.83653    2.94420   60.38531    0.00000 
   0.83653    2.94420   60.38531    0.00000 
   0.83653    2.94420   60.38531    0.00000 
   0.83653    2.94857   60.45074    0.00000 
   0.83653    2.94420   60.38531    0.00000 
   0.78014    2.94420   61.45554    0.00000 
   0.83653    2.94420   60.38531    0.00000 
   0.83653    2.94420   60.38531    0.00000 
   0.83653    2.94420   60.38531    0.00000 
   0.83653    2.94420   60.38531    0.00000 
   0.83653    2.94420   60.38531    0.00000 
   0.83653    2.94420   60.38531    0.00000 
   0.83653    2.94420   60.38531    0.00000 
   0.83653    2.94420   60.38531    0.00000 
   0.83653    3.22309   67.93515    0.00000 
   0.83653    2.94500   60.39721    0.00000 
   0.81503    2.94803   60.85766    0.00000 
   0.48855    2.94420   65.75942    0.00000 
   0.83653    2.94420   60.38531    0.00000 
   0.83653    2.94420   60.38531    0.00000 
   0.83653    2.94420   60.38531    0.00000 
   0.83653    2.94420   60.38531    0.00000 
   0.83653    3.01551   61.65095    0.00000 
   0.43404    2.95082   66.37751    0.00000 
   0.83653    2.94420   60.38531    0.00000 
   0.83653    2.94420   60.38531    0.00000 
   0.83653    2.94420   60.38531    0.00000 
   0.83653    2.94420   60.38531    0.00000 
   0.83653    2.94420   60.38531    0.00000 
   0.80161    2.91288   60.64919    0.00000 
   0.83636    3.06248   62.72607    0.00000 
   0.83653    2.94420   60.38531    0.00000 
   0.83653    2.94420   60.38531    0.00000 
   0.83653    2.94420   60.38531    0.00000 

Generation = 41

   0.83653    2.94420   60.38531    0.00000 
   0.83653    2.94420   60.38531    0.00000 
   0.83653    2.94420   60.38531    0.00000 
   0.83653    2.94420   60.38531    0.00000 
   0.83653    2.94420   60.38531    0.00000 
   0.83653    2.94420   60.38531    0.00000 
   0.83653    2.94420   60.38531    0.00000 
   0.48855    2.94420   65.75942    0.00000 
   0.83653    2.94420   60.38531    0.00000 
   0.83653    2.94420   60.38531    0.00000 
   0.83636    3.06248   62.72607    0.00000 
   0.83653    2.94420   60.38531    0.00000 
   0.83653    2.94420   60.38531    0.00000 
   0.83653    2.94420   60.38531    0.00000 
   0.83653    2.94420   60.38531    0.00000 
   0.83653    2.94420   60.38531    0.00000 
   0.83653    2.94420   60.38531    0.00000 
   0.83653    2.94420   60.38531    0.00000 
   0.83653    2.94420   60.38531    0.00000 
   0.83653    2.94420   60.38531    0.00000 
   0.83653    2.94420   60.38531    0.00000 
   0.83653    2.94420   60.38531    0.00000 
   0.83653    2.94420   60.38531    0.00000 
   0.83653    2.94420   60.38531    0.00000 
   0.83653    2.94420   60.38531    0.00000 
   0.83653    2.91649 6198.16566    0.00000 
   0.83653    2.94420   60.38531    0.00000 
   0.83653    2.94420   60.38531    0.00000 
   0.83653    2.94420   60.38531    0.00000 
   0.83653    2.94420   60.38531    0.00000 
   0.83653    2.94420   60.38531    0.00000 
   0.83653    2.94420   60.38531    0.00000 
   0.83653    2.94500   60.39721    0.00000 
   0.77056    2.94420   61.63021    0.00000 
   0.83653    2.94420   60.38531    0.00000 
   0.43404    2.95082   66.37751    0.00000 
   0.83653    2.94420   60.38531    0.00000 
   1.13651    2.94420 92558.56004    0.00000 
   0.83653    3.22309   67.93515    0.00000 
   0.83653    2.94420   60.38531    0.00000 

Generation = 42

   0.83653    2.94420   60.38531    0.00000 
   0.77056    2.94420   61.63021    0.00000 
   0.83653    2.94420   60.38531    0.00000 
   0.83653    3.00944   61.52653    0.00000 
   0.83653    2.94420   60.38531    0.00000 
   0.83653    2.94420   60.38531    0.00000 
   0.83653    2.94420   60.38531    0.00000 
   0.83653    2.94420   60.38531    0.00000 
   0.83653    2.94420   60.38531    0.00000 
   0.83653    2.94420   60.38531    0.00000 
   0.83653    2.91649 6198.16566    0.00000 
   0.83653    2.94420   60.38531    0.00000 
   0.83653    2.94420   60.38531    0.00000 
   0.83658    2.94420   60.38424    0.00000 
   0.83653    2.94420   60.38531    0.00000 
   0.83653    2.94420   60.38531    0.00000 
   0.83653    2.94420   60.38531    0.00000 
   0.83653    2.94420   60.38531    0.00000 
   0.83653    2.94420   60.38531    0.00000 
   0.83653    2.94420   60.38531    0.00000 
   0.83653    2.94420   60.38531    0.00000 
   0.69504    2.34486 75797.36054    0.00000 
   0.83653    2.94420   60.38531    0.00000 
   0.83653    2.94420   60.38531    0.00000 
   0.83653    2.94420   60.38531    0.00000 
   0.83653    2.94420   60.38531    0.00000 
   0.71972    2.96092   62.75067    0.00000 
   0.94788    3.00903 20291.81662    0.00000 
   0.83653    2.94420   60.38531    0.00000 
   0.83653    2.99337   61.21208    0.00000 
   0.83653    2.94420   60.38531    0.00000 
   0.83653    2.94420   60.38531    0.00000 
   0.83653    2.94420   60.38531    0.00000 
   0.83653    2.94420   60.38531    0.00000 
   1.15224    3.07148 67777.62686    0.00000 
   0.43404    2.95082   66.37751    0.00000 
   0.83653    3.22309   67.93515    0.00000 
   0.83653    2.94420   60.38531    0.00000 
   0.83653    2.94420   60.38531    0.00000 
   0.83653    2.94420   60.38531    0.00000 

Generation = 43

   0.83653    2.94420   60.38531    0.00000 
   0.66408    2.94420   63.42527    0.00000 
   0.83653    2.94420   60.38531    0.00000 
   0.83653    2.94420   60.38531    0.00000 
   0.83653    2.94420   60.38531    0.00000 
   0.35642    2.94420   66.96487    0.00000 
   0.83653    2.94420   60.38531    0.00000 
   0.83653    2.99337   61.21208    0.00000 
   0.83653    2.94420   60.38531    0.00000 
   0.83653    2.94420   60.38531    0.00000 
   0.83658    2.94420   60.38424    0.00000 
   0.83653    2.94420   60.38531    0.00000 
   0.83653    2.94420   60.38531    0.00000 
   0.83653    2.94420   60.38531    0.00000 
   0.82843    2.94420   60.54335    0.00000 
   0.83653    2.94420   60.38531    0.00000 
   0.91342    2.95422 22077.86028    0.00000 
   0.83653    2.94420   60.38531    0.00000 
   0.83653    2.94420   60.38531    0.00000 
   0.83653    2.94420   60.38531    0.00000 
   0.83653    2.94420   60.38531    0.00000 
   0.83653    2.94420   60.38531    0.00000 
   0.83653    2.94420   60.38531    0.00000 
   0.83653    2.94420   60.38531    0.00000 
   0.83653    2.89872 10171.35996    0.00000 
   0.83653    2.94420   60.38531    0.00000 
   0.83658    2.94420   60.38424    0.00000 
   0.83653    2.94420   60.38531    0.00000 
   0.36179    3.17185   70.96064    0.00000 
   0.83653    2.94420   60.38531    0.00000 
   0.83653    2.94420   60.38531    0.00000 
   0.73510    2.94420   62.25805    0.00000 
   0.83653    2.94420   60.38531    0.00000 
   0.83653    3.03058   61.97375    0.00000 
   0.83653    2.94420   60.38531    0.00000 
   0.83653    2.94420   60.38531    0.00000 
   0.83653    2.94420   60.38531    0.00000 
   0.83653    2.94420   60.38531    0.00000 
   0.83653    2.94420   60.38531    0.00000 
   0.82043    2.94420   60.69805    0.00000 

Generation = 44

   0.83653    2.94420   60.38531    0.00000 
   0.83653    2.94420   60.38531    0.00000 
   0.78658    2.94420   61.33691    0.00000 
   0.35660    2.90520   66.71168    0.00000 
   0.82168    2.92380   60.39363    0.00000 
   0.83653    2.94420   60.38531    0.00000 
   0.83653    2.94420   60.38531    0.00000 
   0.83653    2.94420   60.38531    0.00000 
   0.83653    2.94420   60.38531    0.00000 
   0.83653    2.94420   60.38531    0.00000 
   0.83653    2.94420   60.38531    0.00000 
   0.82843    2.94420   60.54335    0.00000 
   0.83653    2.94420   60.38531    0.00000 
   0.83653    2.94420   60.38531    0.00000 
   0.83653    2.94420   60.38531    0.00000 
   0.83653    3.03058   61.97375    0.00000 
   0.83653    2.94420   60.38531    0.00000 
   0.83653    2.94420   60.38531    0.00000 
   0.83653    2.94420   60.38531    0.00000 
   0.83653    2.94420   60.38531    0.00000 
   0.83653    2.94420   60.38531    0.00000 
   0.54117    3.01496   66.09255    0.00000 
   0.82043    2.94420   60.69805    0.00000 
   0.83653    2.94420   60.38531    0.00000 
   0.83653    2.94420   60.38531    0.00000 
   0.83653    2.86456 17743.54188    0.00000 
   0.83653    2.94420   60.38531    0.00000 
   0.83658    2.94420   60.38424    0.00000 
   0.83653    2.94420   60.38531    0.00000 
   0.83653    2.94420   60.38531    0.00000 
   0.83653    2.94420   60.38531    0.00000 
   0.83653    2.94420   60.38531    0.00000 
   0.83653    2.94420   60.38531    0.00000 
   0.83653    2.94420   60.38531    0.00000 
   0.63491    2.98353   64.39627    0.00000 
   0.83658    2.94420   60.38424    0.00000 
   0.61588    2.94420   64.14609    0.00000 
   0.73510    2.94420   62.25805    0.00000 
   0.83653    2.94420   60.38531    0.00000 
   0.64407    2.94420   63.73160    0.00000 

Generation = 45

   0.19097    2.94420   67.76661    0.00000 
   0.83653    2.94420   60.38531    0.00000 
   0.83653    2.94420   60.38531    0.00000 
   0.83682    2.94420   60.37952    0.00000 
   0.83653    2.94420   60.38531    0.00000 
   0.90330    3.09687   62.43540    0.00000 
   0.83658    2.94420   60.38424    0.00000 
   0.83653    2.94420   60.38531    0.00000 
   0.83653    2.94420   60.38531    0.00000 
   0.83658    2.94420   60.38424    0.00000 
   0.83653    2.94420   60.38531    0.00000 
   0.83653    2.94420   60.38531    0.00000 
   0.63491    2.98353   64.39627    0.00000 
   0.83653    2.94420   60.38531    0.00000 
   0.83653    2.94420   60.38531    0.00000 
   0.83653    2.86944 16668.51793    0.00000 
   0.83653    2.94420   60.38531    0.00000 
   0.83653    2.94420   60.38531    0.00000 
   0.83653    2.94420   60.38531    0.00000 
   0.83653    2.94420   60.38531    0.00000 
   0.83653    3.09308   63.52801    0.00000 
   0.83653    2.94420   60.38531    0.00000 
   0.83653    2.92491 4307.10493    0.00000 
   0.83653    2.94420   60.38531    0.00000 
   0.83653    2.94420   60.38531    0.00000 
   0.83653    2.94420   60.38531    0.00000 
   0.83653    3.03058   61.97375    0.00000 
   0.58896    2.94514   64.53340    0.00000 
   0.83653    2.94420   60.38531    0.00000 
   0.35660    2.90520   66.71168    0.00000 
   0.83653    2.94420   60.38531    0.00000 
   0.83653    2.94420   60.38531    0.00000 
   0.83653    2.94420   60.38531    0.00000 
   0.83653    2.94420   60.38531    0.00000 
   0.73510    2.94420   62.25805    0.00000 
   0.83658    2.94420   60.38433    0.00000 
   0.83658    2.94420   60.38424    0.00000 
   0.83653    2.94420   60.38531    0.00000 
   0.83653    2.94420   60.38531    0.00000 
   0.83653    3.02599   61.87344    0.00000 

Generation = 46

   0.83658    2.94420   60.38433    0.00000 
   0.83653    2.94420   60.38531    0.00000 
   0.95296    2.94420 36716.52717    0.00000 
   0.90330    3.09687   62.43540    0.00000 
   0.83653    2.94420   60.38531    0.00000 
   0.83653    2.94420   60.38531    0.00000 
   0.83653    2.94420   60.38531    0.00000 
   0.83653    3.03058   61.97375    0.00000 
   0.86495    3.02599   61.34319    0.00000 
   0.83658    2.94420   60.38433    0.00000 
   0.75284    2.94420   61.94765    0.00000 
   0.83653    2.94420   60.38531    0.00000 
   0.83653    2.94420   60.38531    0.00000 
   0.83653    2.94420   60.38531    0.00000 
   0.83653    2.94420   60.38531    0.00000 
   0.83653    2.94420   60.38531    0.00000 
   0.83653    2.94420   60.38531    0.00000 
   0.83658    2.94420   60.38436    0.00000 
   0.83653    2.94420   60.38531    0.00000 
   0.83658    2.94420   60.38424    0.00000 
   0.83653    2.94420   60.38531    0.00000 
   0.83653    2.94420   60.38531    0.00000 
   0.83658    2.94420   60.38424    0.00000 
   0.83658    2.94420   60.38424    0.00000 
   0.64832    2.94420   63.66744    0.00000 
   0.83653    2.94420   60.38531    0.00000 
   0.83653    2.94420   60.38531    0.00000 
   0.83653    2.94420   60.38531    0.00000 
   0.83653    2.94420   60.38531    0.00000 
   0.83658    3.24745   68.94663    0.00000 
   0.93531    3.03341 10702.85754    0.00000 
   0.09954    2.94420   67.86169    0.00000 
   0.73510    2.94420   62.25805    0.00000 
   0.83653    2.94420   60.38519    0.00000 
   0.83653    2.94420   60.38531    0.00000 
   0.83658    2.94420   60.38424    0.00000 
   0.83653    2.94420   60.38531    0.00000 
   0.83653    2.94420   60.38531    0.00000 
   0.83653    2.94420   60.38531    0.00000 
   0.83682    2.94420   60.37952    0.00000 

Generation = 47

   0.83653    3.16344   65.70904    0.00000 
   0.83653    2.94420   60.38519    0.00000 
   0.83658    2.94420   60.38424    0.00000 
   0.83653    2.94420   60.38531    0.00000 
   0.83682    2.94420   60.37952    0.00000 
   0.83653    2.94420   60.38531    0.00000 
   0.83653    2.94420   60.38531    0.00000 
   0.83653    2.94420   60.38531    0.00000 
   0.83396    2.95631   60.62018    0.00000 
   0.83653    2.94420   60.38531    0.00000 
   0.83653    2.94420   60.38531    0.00000 
   0.73510    2.94420   62.25805    0.00000 
   0.70079    2.94420   62.83723    0.00000 
   0.83658    2.94420   60.38424    0.00000 
   0.83658    2.94420   60.38424    0.00000 
   0.83658    3.24745   68.94663    0.00000 
   0.23741    2.71396   68.09110    0.00000 
   0.78250    3.07281   63.90588    0.00000 
   0.86495    3.02599   61.34319    0.00000 
   0.83653    2.94420   60.38531    0.00000 
   0.83653    2.94420   60.38531    0.00000 
   0.83658    2.94420   60.38424    0.00000 
   0.83653    2.94420   60.38531    0.00000 
   0.83653    2.94420   60.38531    0.00000 
   0.83653    2.94420   60.38531    0.00000 
   0.34299    2.94420   67.05972    0.00000 
   0.83658    2.94420   60.38424    0.00000 
   0.83658    2.94420   60.38433    0.00000 
   0.83653    3.36910   74.94899    0.00000 
   0.83653    2.94420   60.38531    0.00000 
   0.75284    2.94420   61.94765    0.00000 
   0.83653    2.94420   60.38531    0.00000 
   0.83653    2.94420   60.38531    0.00000 
   0.83653    2.94420   60.38531    0.00000 
   0.83653    2.94420   60.38531    0.00000 
   0.83653    2.94420   60.38531    0.00000 
   0.90330    3.09687   62.43540    0.00000 
   0.68946    2.94420   63.02225    0.00000 
   0.83658    2.94420   60.38433    0.00000 
   0.83653    2.94420   60.38528    0.00000 

Generation = 48

   0.29878    2.94420   67.33510    0.00000 
   0.71021    2.57725 36811.07047    0.00000 
   0.68946    2.94420   63.02225    0.00000 
   0.83396    2.95631   60.62018    0.00000 
   0.83653    2.94420   60.38519    0.00000 
   0.83658    2.94420   60.38424    0.00000 
   0.65739    2.94420   63.52885    0.00000 
   0.83653    2.94420   60.38519    0.00000 
   0.83653    2.94420   60.38531    0.00000 
   0.83682    2.94420   60.37952    0.00000 
   0.23741    2.71396   68.09110    0.00000 
   0.83653    2.94420   60.38531    0.00000 
   0.83653    2.94420   60.38531    0.00000 
   0.78250    3.07281   63.90588    0.00000 
   0.83653    2.94420   60.38531    0.00000 
   0.83658    2.94420   60.38424    0.00000 
   0.80465    2.94420   60.99901    0.00000 
   0.70079    3.00961   63.84880    0.00000 
   0.83653    2.94420   60.38531    0.00000 
   0.83658    2.94420   60.38424    0.00000 
   0.83653    2.94420   60.38531    0.00000 
   0.83658    2.94420   60.38433    0.00000 
   0.83658    2.94420   60.38424    0.00000 
   0.83649    2.94420   60.38604    0.00000 
   0.83653    2.94420   60.38531    0.00000 
   0.83653    2.94420   60.38531    0.00000 
   0.83658    3.24745   68.94663    0.00000 
   0.83653    2.94420   60.38531    0.00000 
   0.83653    2.94420   60.38531    0.00000 
   0.83653    2.94420   60.38531    0.00000 
   0.83682    2.97155   60.81473    0.00000 
   0.83658    2.94420   60.38424    0.00000 
   0.83653    2.94420   60.38531    0.00000 
   0.83653    2.97349   60.85354    0.00000 
   0.83653    2.94420   60.38531    0.00000 
   0.83653    2.94420   60.38531    0.00000 
   0.83658    2.94420   60.38433    0.00000 
   0.83658    2.94420   60.38433    0.00000 
   0.83653    2.94420   60.38528    0.00000 
   0.83653    2.94420   60.38531    0.00000 

Generation = 49

   0.83653    2.94420   60.38531    0.00000 
   0.83653    2.94420   60.38531    0.00000 
   0.83658    2.94420   60.38433    0.00000 
   0.83649    2.94420   60.38604    0.00000 
   0.83653    2.94420   60.38531    0.00000 
   0.83682    2.94420   60.37952    0.00000 
   0.83653    2.94420   60.38531    0.00000 
   0.83653    2.94420   60.38529    0.00000 
   0.23741    2.71396   68.09110    0.00000 
   0.83653    2.94420   60.38531    0.00000 
   0.83658    2.94420   60.38424    0.00000 
   0.83658    2.94420   60.38424    0.00000 
   0.56014    3.04493   66.40840    0.00000 
   0.83658    2.94420   60.38433    0.00000 
   0.83658    2.94420   60.38432    0.00000 
   0.83396    2.95631   60.62018    0.00000 
   0.83653    2.91795 5872.79830    0.00000 
   0.65682    2.94420   63.53760    0.00000 
   0.83658    2.94420   60.38424    0.00000 
   0.83658    2.94420   60.38424    0.00000 
   0.83658    2.94420   60.38433    0.00000 
   0.18190    2.94420   67.78722    0.00000 
   0.83682    2.94420   60.37949    0.00000 
   0.84329    2.98956   61.01247    0.00000 
   0.83653    2.94420   60.38531    0.00000 
   0.83653    2.94420   60.38531    0.00000 
   0.83653    2.94420   60.38531    0.00000 
   0.83658    2.94420   60.38424    0.00000 
   0.83653    2.94420   60.38519    0.00000 
   0.83658    2.94420   60.38428    0.00000 
   0.83653    2.94420   60.38528    0.00000 
   0.83653    2.94420   60.38531    0.00000 
   0.83653    2.97349   60.85354    0.00000 
   0.83653    2.94420   60.38531    0.00000 
   0.83658    2.94420   60.38433    0.00000 
   0.83653    2.94420   60.38528    0.00000 
   0.68946    2.94420   63.02225    0.00000 
   0.83682    2.94420   60.37952    0.00000 
   0.81276    3.13065   65.02526    0.00000 
   0.83653    2.94420   60.38531    0.00000 

Generation = 50

   0.83658    2.94420   60.38424    0.00000 
   0.83682    2.94420   60.37952    0.00000 
   0.83658    2.94420   60.38433    0.00000 
   0.83658    2.94420   60.38433    0.00000 
   0.83653    2.94420   60.38519    0.00000 
   0.83658    2.94420   60.38433    0.00000 
   0.83653    2.94420   60.38531    0.00000 
   0.83658    3.26700   69.80378    0.00000 
   0.84329    2.98956   61.01247    0.00000 
   0.83682    2.87970 14495.08763    0.00000 
   0.83653    2.94420   60.38531    0.00000 
   0.83658    2.94420   60.38424    0.00000 
   0.83658    2.94420   60.38424    0.00000 
   0.83653    2.94420   60.38531    0.00000 
   0.83658    2.94420   60.38424    0.00000 
   0.83682    2.94420   60.37952    0.00000 
   0.83658    2.94420   60.38433    0.00000 
   0.83653    2.94420   60.38519    0.00000 
   0.83396    2.95631   60.62018    0.00000 
   0.65682    2.94420   63.53760    0.00000 
   0.83682    2.94420   60.37949    0.00000 
   0.83653    2.94420   60.38531    0.00000 
   0.83653    2.94420   60.38531    0.00000 
   0.83658    2.94420   60.38424    0.00000 
   0.83653    2.94420   60.38531    0.00000 
   0.70849    2.94420   62.70975    0.00000 
   0.83649    2.94420   60.38604    0.00000 
   0.83653    2.94420   60.38528    0.00000 
   0.83651    2.94420   60.38571    0.00000 
   0.83653    2.94420   60.38531    0.00000 
   0.83658    2.94420   60.38424    0.00000 
   0.83655    2.94420   60.38494    0.00000 
   0.96786    2.94420 41347.21791    0.00000 
   0.83653    2.94420   60.38531    0.00000 
   0.83658    2.97610   60.89788    0.00000 
   0.83658    2.94420   60.38428    0.00000 
   0.83658    2.94420   60.38432    0.00000 
   0.83686    2.94420   60.37886    0.00000 
   0.83653    2.98389   61.03697    0.00000 
   0.83658    2.94420   60.38424    0.00000 
