 1 1.082590e+02  4.479820e+05 
 2 1.072740e+02  2.363167e+05 
 3 1.061552e+02  7.527459e+04 
 4 7.515816e+01  1.609566e+02 
 5 7.008073e+01  1.170764e+02 
 6 6.366945e+01  1.006922e+02 
 7 6.366945e+01  8.155934e+01 
 8 6.366945e+01  7.409535e+01 
 9 6.254548e+01  6.913814e+01 
 10 6.052753e+01  6.664653e+01 
 11 6.052753e+01  2.880014e+02 
 12 6.052753e+01  2.504134e+02 
 13 6.052753e+01  6.559198e+01 
 14 6.052753e+01  4.636674e+02 
 15 6.052753e+01  6.241627e+01 
 16 6.050246e+01  1.195321e+03 
 17 6.050246e+01  3.607873e+02 
 18 6.050246e+01  2.562049e+03 
 19 6.044377e+01  2.252638e+03 
 20 6.044377e+01  1.533073e+03 
 21 6.044377e+01  3.799505e+02 
 22 6.044377e+01  1.174173e+03 
 23 6.038531e+01  2.148638e+03 
 24 6.038531e+01  9.782611e+02 
 25 6.038531e+01  3.105467e+02 
 26 6.038531e+01  2.440238e+02 
 27 6.038531e+01  6.164667e+01 
 28 6.038531e+01  3.456949e+03 
 29 6.038531e+01  6.097774e+01 
 30 6.038531e+01  2.714133e+03 
 31 6.038531e+01  6.362185e+03 
 32 6.038531e+01  7.250425e+02 
 33 6.038531e+01  1.604683e+03 
 34 6.038531e+01  1.274052e+03 
 35 6.038531e+01  1.824372e+03 
 36 6.038531e+01  6.104617e+01 
 37 6.038531e+01  6.103212e+01 
 38 6.038531e+01  1.638945e+03 
 39 6.038531e+01  6.183067e+01 
 40 6.038531e+01  6.099898e+01 
 41 6.038531e+01  2.526847e+03 
 42 6.038424e+01  4.306449e+03 
 43 6.038424e+01  8.642203e+02 
 44 6.038424e+01  5.031653e+02 
 45 6.037952e+01  5.825566e+02 
 46 6.037952e+01  1.243534e+03 
 47 6.037952e+01  6.183789e+01 
 48 6.037952e+01  9.800953e+02 
 49 6.037949e+01  2.065172e+02 
 50 6.037886e+01  1.453846e+03 
